X,Y,G
106.0083,-5.9973,72.50
106.0250,-5.9973,74.80
106.0417,-5.9973,76.00
106.0583,-5.9973,76.10
106.0750,-5.9973,75.90
106.0917,-5.9973,75.70
106.1083,-5.9973,75.40
106.1250,-5.9973,74.10
106.1417,-5.9973,70.30
106.1583,-5.9973,64.30
106.1750,-5.9973,60.20
106.1917,-5.9973,61.40
106.2083,-5.9973,66.50
106.2250,-5.9973,71.90
106.2417,-5.9973,75.30
106.2583,-5.9973,76.20
106.2750,-5.9973,75.20
106.2917,-5.9973,73.70
106.3083,-5.9973,72.20
106.3250,-5.9973,70.90
106.3417,-5.9973,70.20
106.3583,-5.9973,70.20
106.3750,-5.9973,70.90
106.3917,-5.9973,71.80
106.4083,-5.9973,71.40
106.4250,-5.9973,68.10
106.4417,-5.9973,61.50
106.4583,-5.9973,53.20
106.4750,-5.9973,48.10
106.4917,-5.9973,49.50
106.5083,-5.9973,55.50
106.5250,-5.9973,62.80
106.5417,-5.9973,68.90
106.5583,-5.9973,71.20
106.5750,-5.9973,64.80
106.5917,-5.9973,50.00
106.6083,-5.9973,37.40
106.6250,-5.9973,36.10
106.6417,-5.9973,42.20
106.6583,-5.9973,47.90
106.6750,-5.9973,51.30
106.6917,-5.9973,53.90
106.7083,-5.9973,56.40
106.7250,-5.9973,58.40
106.7417,-5.9973,59.80
106.7583,-5.9973,60.80
106.7750,-5.9973,61.60
106.7917,-5.9973,62.20
106.8083,-5.9973,62.10
106.8250,-5.9973,61.30
106.8417,-5.9973,60.40
106.8583,-5.9973,59.80
106.8750,-5.9973,58.50
106.8917,-5.9973,55.90
106.9083,-5.9973,53.40
106.9250,-5.9973,52.00
106.9417,-5.9973,50.50
106.9583,-5.9973,47.60
106.9750,-5.9973,43.70
106.9917,-5.9973,40.70
107.0083,-5.9973,39.00
106.0083,-6.0138,75.90
106.0250,-6.0138,76.90
106.0417,-6.0138,76.90
106.0583,-6.0138,76.20
106.0750,-6.0138,75.00
106.0917,-6.0138,73.90
106.1083,-6.0138,73.10
106.1250,-6.0138,71.90
106.1417,-6.0138,68.90
106.1583,-6.0138,64.60
106.1750,-6.0138,61.90
106.1917,-6.0138,63.30
106.2083,-6.0138,67.40
106.2250,-6.0138,71.10
106.2417,-6.0138,73.10
106.2583,-6.0138,73.40
106.2750,-6.0138,72.80
106.2917,-6.0138,72.10
106.3083,-6.0138,71.40
106.3250,-6.0138,70.80
106.3417,-6.0138,70.60
106.3583,-6.0138,70.90
106.3750,-6.0138,71.70
106.3917,-6.0138,72.70
106.4083,-6.0138,72.50
106.4250,-6.0138,69.80
106.4417,-6.0138,64.30
106.4583,-6.0138,57.70
106.4750,-6.0138,53.30
106.4917,-6.0138,53.60
106.5083,-6.0138,57.40
106.5250,-6.0138,62.40
106.5417,-6.0138,67.00
106.5583,-6.0138,68.80
106.5750,-6.0138,64.60
106.5917,-6.0138,54.60
106.6083,-6.0138,45.50
106.6250,-6.0138,43.00
106.6417,-6.0138,45.30
106.6583,-6.0138,47.90
106.6750,-6.0138,49.70
106.6917,-6.0138,52.10
106.7083,-6.0138,55.30
106.7250,-6.0138,58.80
106.7417,-6.0138,61.90
106.7583,-6.0138,64.30
106.7750,-6.0138,65.30
106.7917,-6.0138,64.80
106.8083,-6.0138,63.60
106.8250,-6.0138,62.60
106.8417,-6.0138,62.10
106.8583,-6.0138,61.60
106.8750,-6.0138,59.80
106.8917,-6.0138,56.50
106.9083,-6.0138,53.70
106.9250,-6.0138,52.20
106.9417,-6.0138,49.40
106.9583,-6.0138,43.40
106.9750,-6.0138,37.10
106.9917,-6.0138,35.00
107.0083,-6.0138,36.00
106.0083,-6.0304,80.30
106.0250,-6.0304,80.10
106.0417,-6.0304,79.00
106.0583,-6.0304,77.20
106.0750,-6.0304,75.10
106.0917,-6.0304,73.10
106.1083,-6.0304,71.60
106.1250,-6.0304,70.30
106.1417,-6.0304,68.40
106.1583,-6.0304,66.00
106.1750,-6.0304,64.80
106.1917,-6.0304,66.20
106.2083,-6.0304,68.80
106.2250,-6.0304,70.70
106.2417,-6.0304,71.30
106.2583,-6.0304,71.20
106.2750,-6.0304,70.90
106.2917,-6.0304,70.60
106.3083,-6.0304,70.50
106.3250,-6.0304,70.50
106.3417,-6.0304,70.70
106.3583,-6.0304,71.30
106.3750,-6.0304,72.20
106.3917,-6.0304,73.20
106.4083,-6.0304,73.40
106.4250,-6.0304,71.50
106.4417,-6.0304,67.70
106.4583,-6.0304,63.00
106.4750,-6.0304,59.40
106.4917,-6.0304,58.20
106.5083,-6.0304,59.10
106.5250,-6.0304,60.80
106.5417,-6.0304,62.60
106.5583,-6.0304,63.30
106.5750,-6.0304,61.10
106.5917,-6.0304,56.30
106.6083,-6.0304,51.60
106.6250,-6.0304,49.30
106.6417,-6.0304,48.90
106.6583,-6.0304,48.60
106.6750,-6.0304,48.80
106.6917,-6.0304,50.70
106.7083,-6.0304,54.50
106.7250,-6.0304,59.40
106.7417,-6.0304,64.50
106.7583,-6.0304,68.40
106.7750,-6.0304,69.60
106.7917,-6.0304,67.80
106.8083,-6.0304,65.30
106.8250,-6.0304,64.30
106.8417,-6.0304,64.80
106.8583,-6.0304,64.80
106.8750,-6.0304,63.00
106.8917,-6.0304,59.50
106.9083,-6.0304,56.10
106.9250,-6.0304,53.70
106.9417,-6.0304,49.60
106.9583,-6.0304,41.50
106.9750,-6.0304,34.20
106.9917,-6.0304,32.90
107.0083,-6.0304,35.70
106.0083,-6.0470,85.00
106.0250,-6.0470,83.70
106.0417,-6.0470,81.70
106.0583,-6.0470,79.00
106.0750,-6.0470,76.00
106.0917,-6.0470,73.30
106.1083,-6.0470,71.20
106.1250,-6.0470,69.70
106.1417,-6.0470,68.40
106.1583,-6.0470,67.20
106.1750,-6.0470,66.90
106.1917,-6.0470,67.80
106.2083,-6.0470,69.10
106.2250,-6.0470,69.80
106.2417,-6.0470,69.80
106.2583,-6.0470,69.60
106.2750,-6.0470,69.40
106.2917,-6.0470,69.50
106.3083,-6.0470,69.70
106.3250,-6.0470,70.10
106.3417,-6.0470,70.70
106.3583,-6.0470,71.40
106.3750,-6.0470,72.40
106.3917,-6.0470,73.30
106.4083,-6.0470,73.60
106.4250,-6.0470,72.60
106.4417,-6.0470,70.20
106.4583,-6.0470,67.00
106.4750,-6.0470,64.10
106.4917,-6.0470,61.80
106.5083,-6.0470,60.30
106.5250,-6.0470,59.20
106.5417,-6.0470,58.50
106.5583,-6.0470,57.80
106.5750,-6.0470,56.50
106.5917,-6.0470,54.50
106.6083,-6.0470,52.50
106.6250,-6.0470,51.10
106.6417,-6.0470,50.00
106.6583,-6.0470,48.70
106.6750,-6.0470,48.10
106.6917,-6.0470,49.70
106.7083,-6.0470,53.70
106.7250,-6.0470,59.60
106.7417,-6.0470,66.30
106.7583,-6.0470,71.80
106.7750,-6.0470,73.30
106.7917,-6.0470,70.00
106.8083,-6.0470,66.10
106.8250,-6.0470,65.80
106.8417,-6.0470,67.90
106.8583,-6.0470,69.10
106.8750,-6.0470,68.10
106.8917,-6.0470,65.20
106.9083,-6.0470,61.50
106.9250,-6.0470,57.30
106.9417,-6.0470,51.40
106.9583,-6.0470,43.50
106.9750,-6.0470,37.20
106.9917,-6.0470,36.30
107.0083,-6.0470,38.80
106.0083,-6.0636,89.10
106.0250,-6.0636,87.10
106.0417,-6.0636,84.30
106.0583,-6.0636,80.90
106.0750,-6.0636,77.40
106.0917,-6.0636,74.20
106.1083,-6.0636,71.60
106.1250,-6.0636,69.70
106.1417,-6.0636,68.50
106.1583,-6.0636,67.70
106.1750,-6.0636,67.60
106.1917,-6.0636,67.90
106.2083,-6.0636,68.30
106.2250,-6.0636,68.50
106.2417,-6.0636,68.40
106.2583,-6.0636,68.30
106.2750,-6.0636,68.30
106.2917,-6.0636,68.60
106.3083,-6.0636,69.10
106.3250,-6.0636,69.70
106.3417,-6.0636,70.50
106.3583,-6.0636,71.30
106.3750,-6.0636,72.10
106.3917,-6.0636,72.80
106.4083,-6.0636,73.00
106.4250,-6.0636,72.40
106.4417,-6.0636,70.90
106.4583,-6.0636,68.70
106.4750,-6.0636,66.20
106.4917,-6.0636,63.40
106.5083,-6.0636,60.60
106.5250,-6.0636,58.00
106.5417,-6.0636,55.70
106.5583,-6.0636,54.00
106.5750,-6.0636,52.70
106.5917,-6.0636,51.60
106.6083,-6.0636,50.80
106.6250,-6.0636,50.20
106.6417,-6.0636,49.30
106.6583,-6.0636,48.20
106.6750,-6.0636,47.60
106.6917,-6.0636,48.70
106.7083,-6.0636,52.20
106.7250,-6.0636,58.20
106.7417,-6.0636,65.50
106.7583,-6.0636,71.90
106.7750,-6.0636,73.60
106.7917,-6.0636,69.60
106.8083,-6.0636,65.40
106.8250,-6.0636,65.80
106.8417,-6.0636,69.20
106.8583,-6.0636,71.60
106.8750,-6.0636,71.60
106.8917,-6.0636,69.70
106.9083,-6.0636,65.90
106.9250,-6.0636,60.20
106.9417,-6.0636,53.40
106.9583,-6.0636,47.00
106.9750,-6.0636,42.60
106.9917,-6.0636,41.80
107.0083,-6.0636,42.80
106.0083,-6.0801,91.90
106.0250,-6.0801,89.60
106.0417,-6.0801,86.30
106.0583,-6.0801,82.60
106.0750,-6.0801,78.80
106.0917,-6.0801,75.30
106.1083,-6.0801,72.30
106.1250,-6.0801,70.10
106.1417,-6.0801,68.70
106.1583,-6.0801,67.80
106.1750,-6.0801,67.40
106.1917,-6.0801,67.30
106.2083,-6.0801,67.20
106.2250,-6.0801,67.20
106.2417,-6.0801,67.20
106.2583,-6.0801,67.20
106.2750,-6.0801,67.40
106.2917,-6.0801,67.80
106.3083,-6.0801,68.40
106.3250,-6.0801,69.20
106.3417,-6.0801,70.10
106.3583,-6.0801,70.90
106.3750,-6.0801,71.50
106.3917,-6.0801,71.90
106.4083,-6.0801,71.80
106.4250,-6.0801,71.20
106.4417,-6.0801,69.90
106.4583,-6.0801,68.00
106.4750,-6.0801,65.60
106.4917,-6.0801,62.80
106.5083,-6.0801,59.80
106.5250,-6.0801,56.80
106.5417,-6.0801,54.30
106.5583,-6.0801,52.30
106.5750,-6.0801,50.90
106.5917,-6.0801,50.10
106.6083,-6.0801,49.70
106.6250,-6.0801,49.30
106.6417,-6.0801,48.90
106.6583,-6.0801,48.10
106.6750,-6.0801,47.50
106.6917,-6.0801,47.70
106.7083,-6.0801,50.10
106.7250,-6.0801,55.00
106.7417,-6.0801,61.50
106.7583,-6.0801,67.10
106.7750,-6.0801,68.80
106.7917,-6.0801,66.00
106.8083,-6.0801,63.00
106.8250,-6.0801,63.80
106.8417,-6.0801,67.10
106.8583,-6.0801,69.70
106.8750,-6.0801,70.30
106.8917,-6.0801,69.00
106.9083,-6.0801,65.40
106.9250,-6.0801,59.70
106.9417,-6.0801,53.80
106.9583,-6.0801,49.20
106.9750,-6.0801,46.30
106.9917,-6.0801,45.10
107.0083,-6.0801,44.60
106.0083,-6.0967,93.00
106.0250,-6.0967,90.60
106.0417,-6.0967,87.40
106.0583,-6.0967,83.60
106.0750,-6.0967,79.70
106.0917,-6.0967,76.10
106.1083,-6.0967,73.00
106.1250,-6.0967,70.50
106.1417,-6.0967,68.70
106.1583,-6.0967,67.50
106.1750,-6.0967,66.70
106.1917,-6.0967,66.30
106.2083,-6.0967,66.10
106.2250,-6.0967,66.00
106.2417,-6.0967,66.00
106.2583,-6.0967,66.20
106.2750,-6.0967,66.50
106.2917,-6.0967,67.10
106.3083,-6.0967,67.70
106.3250,-6.0967,68.50
106.3417,-6.0967,69.30
106.3583,-6.0967,70.00
106.3750,-6.0967,70.50
106.3917,-6.0967,70.60
106.4083,-6.0967,70.30
106.4250,-6.0967,69.40
106.4417,-6.0967,68.10
106.4583,-6.0967,66.30
106.4750,-6.0967,64.00
106.4917,-6.0967,61.40
106.5083,-6.0967,58.70
106.5250,-6.0967,56.20
106.5417,-6.0967,54.00
106.5583,-6.0967,52.20
106.5750,-6.0967,51.10
106.5917,-6.0967,50.30
106.6083,-6.0967,49.90
106.6250,-6.0967,49.70
106.6417,-6.0967,49.30
106.6583,-6.0967,48.70
106.6750,-6.0967,47.90
106.6917,-6.0967,47.30
106.7083,-6.0967,48.20
106.7250,-6.0967,51.30
106.7417,-6.0967,55.90
106.7583,-6.0967,59.80
106.7750,-6.0967,61.20
106.7917,-6.0967,60.20
106.8083,-6.0967,59.00
106.8250,-6.0967,59.90
106.8417,-6.0967,62.30
106.8583,-6.0967,64.40
106.8750,-6.0967,65.00
106.8917,-6.0967,63.90
106.9083,-6.0967,60.90
106.9250,-6.0967,56.50
106.9417,-6.0967,52.20
106.9583,-6.0967,49.30
106.9750,-6.0967,47.20
106.9917,-6.0967,45.60
107.0083,-6.0967,44.00
106.0083,-6.1133,92.60
106.0250,-6.1133,90.50
106.0417,-6.1133,87.50
106.0583,-6.1133,84.00
106.0750,-6.1133,80.30
106.0917,-6.1133,76.80
106.1083,-6.1133,73.50
106.1250,-6.1133,70.70
106.1417,-6.1133,68.60
106.1583,-6.1133,67.00
106.1750,-6.1133,65.90
106.1917,-6.1133,65.30
106.2083,-6.1133,64.90
106.2250,-6.1133,64.80
106.2417,-6.1133,64.90
106.2583,-6.1133,65.20
106.2750,-6.1133,65.60
106.2917,-6.1133,66.20
106.3083,-6.1133,66.90
106.3250,-6.1133,67.60
106.3417,-6.1133,68.30
106.3583,-6.1133,68.80
106.3750,-6.1133,69.10
106.3917,-6.1133,69.10
106.4083,-6.1133,68.70
106.4250,-6.1133,67.80
106.4417,-6.1133,66.40
106.4583,-6.1133,64.80
106.4750,-6.1133,62.70
106.4917,-6.1133,60.60
106.5083,-6.1133,58.40
106.5250,-6.1133,56.30
106.5417,-6.1133,54.50
106.5583,-6.1133,53.10
106.5750,-6.1133,52.10
106.5917,-6.1133,51.40
106.6083,-6.1133,50.90
106.6250,-6.1133,50.60
106.6417,-6.1133,50.10
106.6583,-6.1133,49.50
106.6750,-6.1133,48.60
106.6917,-6.1133,47.60
106.7083,-6.1133,47.50
106.7250,-6.1133,48.80
106.7417,-6.1133,51.10
106.7583,-6.1133,53.20
106.7750,-6.1133,54.30
106.7917,-6.1133,54.40
106.8083,-6.1133,54.60
106.8250,-6.1133,55.60
106.8417,-6.1133,57.20
106.8583,-6.1133,58.40
106.8750,-6.1133,58.70
106.8917,-6.1133,57.90
106.9083,-6.1133,55.80
106.9250,-6.1133,53.00
106.9417,-6.1133,50.20
106.9583,-6.1133,48.10
106.9750,-6.1133,46.30
106.9917,-6.1133,44.40
107.0083,-6.1133,42.30
106.0083,-6.1299,91.20
106.0250,-6.1299,89.60
106.0417,-6.1299,87.20
106.0583,-6.1299,84.20
106.0750,-6.1299,80.80
106.0917,-6.1299,77.40
106.1083,-6.1299,74.00
106.1250,-6.1299,71.00
106.1417,-6.1299,68.50
106.1583,-6.1299,66.50
106.1750,-6.1299,65.00
106.1917,-6.1299,64.10
106.2083,-6.1299,63.60
106.2250,-6.1299,63.40
106.2417,-6.1299,63.60
106.2583,-6.1299,64.00
106.2750,-6.1299,64.60
106.2917,-6.1299,65.20
106.3083,-6.1299,65.90
106.3250,-6.1299,66.50
106.3417,-6.1299,67.10
106.3583,-6.1299,67.50
106.3750,-6.1299,67.60
106.3917,-6.1299,67.50
106.4083,-6.1299,67.10
106.4250,-6.1299,66.30
106.4417,-6.1299,65.30
106.4583,-6.1299,63.90
106.4750,-6.1299,62.30
106.4917,-6.1299,60.60
106.5083,-6.1299,58.80
106.5250,-6.1299,57.10
106.5417,-6.1299,55.60
106.5583,-6.1299,54.40
106.5750,-6.1299,53.40
106.5917,-6.1299,52.60
106.6083,-6.1299,51.90
106.6250,-6.1299,51.40
106.6417,-6.1299,50.80
106.6583,-6.1299,50.10
106.6750,-6.1299,49.30
106.6917,-6.1299,48.40
106.7083,-6.1299,47.80
106.7250,-6.1299,47.90
106.7417,-6.1299,48.50
106.7583,-6.1299,49.40
106.7750,-6.1299,50.20
106.7917,-6.1299,50.90
106.8083,-6.1299,51.80
106.8250,-6.1299,52.70
106.8417,-6.1299,53.60
106.8583,-6.1299,54.20
106.8750,-6.1299,54.20
106.8917,-6.1299,53.50
106.9083,-6.1299,52.20
106.9250,-6.1299,50.40
106.9417,-6.1299,48.60
106.9583,-6.1299,46.70
106.9750,-6.1299,44.80
106.9917,-6.1299,42.80
107.0083,-6.1299,40.60
106.0083,-6.1464,90.00
106.0250,-6.1464,89.00
106.0417,-6.1464,87.30
106.0583,-6.1464,84.80
106.0750,-6.1464,81.70
106.0917,-6.1464,78.40
106.1083,-6.1464,74.90
106.1250,-6.1464,71.60
106.1417,-6.1464,68.60
106.1583,-6.1464,66.10
106.1750,-6.1464,64.20
106.1917,-6.1464,62.90
106.2083,-6.1464,62.20
106.2250,-6.1464,62.10
106.2417,-6.1464,62.30
106.2583,-6.1464,62.80
106.2750,-6.1464,63.50
106.2917,-6.1464,64.20
106.3083,-6.1464,64.80
106.3250,-6.1464,65.30
106.3417,-6.1464,65.70
106.3583,-6.1464,65.90
106.3750,-6.1464,66.00
106.3917,-6.1464,65.90
106.4083,-6.1464,65.70
106.4250,-6.1464,65.20
106.4417,-6.1464,64.40
106.4583,-6.1464,63.50
106.4750,-6.1464,62.30
106.4917,-6.1464,61.00
106.5083,-6.1464,59.60
106.5250,-6.1464,58.20
106.5417,-6.1464,56.80
106.5583,-6.1464,55.60
106.5750,-6.1464,54.40
106.5917,-6.1464,53.40
106.6083,-6.1464,52.50
106.6250,-6.1464,51.80
106.6417,-6.1464,51.00
106.6583,-6.1464,50.20
106.6750,-6.1464,49.50
106.6917,-6.1464,48.80
106.7083,-6.1464,48.30
106.7250,-6.1464,48.00
106.7417,-6.1464,48.10
106.7583,-6.1464,48.60
106.7750,-6.1464,49.30
106.7917,-6.1464,50.30
106.8083,-6.1464,51.30
106.8250,-6.1464,52.10
106.8417,-6.1464,52.60
106.8583,-6.1464,52.70
106.8750,-6.1464,52.30
106.8917,-6.1464,51.50
106.9083,-6.1464,50.40
106.9250,-6.1464,49.00
106.9417,-6.1464,47.40
106.9583,-6.1464,45.60
106.9750,-6.1464,43.60
106.9917,-6.1464,41.50
107.0083,-6.1464,39.40
106.0083,-6.1630,90.20
106.0250,-6.1630,89.80
106.0417,-6.1630,88.60
106.0583,-6.1630,86.60
106.0750,-6.1630,83.80
106.0917,-6.1630,80.40
106.1083,-6.1630,76.70
106.1250,-6.1630,72.90
106.1417,-6.1630,69.30
106.1583,-6.1630,66.20
106.1750,-6.1630,63.80
106.1917,-6.1630,62.10
106.2083,-6.1630,61.10
106.2250,-6.1630,60.90
106.2417,-6.1630,61.10
106.2583,-6.1630,61.70
106.2750,-6.1630,62.40
106.2917,-6.1630,63.10
106.3083,-6.1630,63.70
106.3250,-6.1630,64.10
106.3417,-6.1630,64.30
106.3583,-6.1630,64.40
106.3750,-6.1630,64.50
106.3917,-6.1630,64.50
106.4083,-6.1630,64.40
106.4250,-6.1630,64.20
106.4417,-6.1630,63.80
106.4583,-6.1630,63.30
106.4750,-6.1630,62.60
106.4917,-6.1630,61.60
106.5083,-6.1630,60.40
106.5250,-6.1630,59.00
106.5417,-6.1630,57.60
106.5583,-6.1630,56.30
106.5750,-6.1630,54.90
106.5917,-6.1630,53.70
106.6083,-6.1630,52.50
106.6250,-6.1630,51.50
106.6417,-6.1630,50.50
106.6583,-6.1630,49.70
106.6750,-6.1630,49.10
106.6917,-6.1630,48.60
106.7083,-6.1630,48.30
106.7250,-6.1630,48.30
106.7417,-6.1630,48.70
106.7583,-6.1630,49.30
106.7750,-6.1630,50.20
106.7917,-6.1630,51.10
106.8083,-6.1630,52.00
106.8250,-6.1630,52.60
106.8417,-6.1630,52.80
106.8583,-6.1630,52.60
106.8750,-6.1630,52.00
106.8917,-6.1630,51.00
106.9083,-6.1630,49.70
106.9250,-6.1630,48.20
106.9417,-6.1630,46.60
106.9583,-6.1630,44.80
106.9750,-6.1630,42.90
106.9917,-6.1630,40.90
107.0083,-6.1630,38.90
106.0083,-6.1796,92.50
106.0250,-6.1796,92.70
106.0417,-6.1796,91.90
106.0583,-6.1796,90.10
106.0750,-6.1796,87.30
106.0917,-6.1796,83.70
106.1083,-6.1796,79.60
106.1250,-6.1796,75.20
106.1417,-6.1796,70.80
106.1583,-6.1796,67.00
106.1750,-6.1796,63.90
106.1917,-6.1796,61.70
106.2083,-6.1796,60.40
106.2250,-6.1796,60.00
106.2417,-6.1796,60.20
106.2583,-6.1796,60.70
106.2750,-6.1796,61.40
106.2917,-6.1796,62.10
106.3083,-6.1796,62.60
106.3250,-6.1796,62.90
106.3417,-6.1796,63.10
106.3583,-6.1796,63.10
106.3750,-6.1796,63.20
106.3917,-6.1796,63.30
106.4083,-6.1796,63.40
106.4250,-6.1796,63.50
106.4417,-6.1796,63.40
106.4583,-6.1796,63.20
106.4750,-6.1796,62.80
106.4917,-6.1796,62.00
106.5083,-6.1796,60.90
106.5250,-6.1796,59.60
106.5417,-6.1796,58.00
106.5583,-6.1796,56.40
106.5750,-6.1796,54.80
106.5917,-6.1796,53.20
106.6083,-6.1796,51.80
106.6250,-6.1796,50.60
106.6417,-6.1796,49.60
106.6583,-6.1796,48.80
106.6750,-6.1796,48.20
106.6917,-6.1796,48.00
106.7083,-6.1796,48.00
106.7250,-6.1796,48.30
106.7417,-6.1796,49.00
106.7583,-6.1796,49.80
106.7750,-6.1796,50.80
106.7917,-6.1796,51.70
106.8083,-6.1796,52.40
106.8250,-6.1796,52.80
106.8417,-6.1796,52.80
106.8583,-6.1796,52.30
106.8750,-6.1796,51.50
106.8917,-6.1796,50.40
106.9083,-6.1796,49.10
106.9250,-6.1796,47.60
106.9417,-6.1796,46.10
106.9583,-6.1796,44.40
106.9750,-6.1796,42.70
106.9917,-6.1796,40.90
107.0083,-6.1796,39.10
106.0083,-6.1961,97.70
106.0250,-6.1961,98.10
106.0417,-6.1961,97.50
106.0583,-6.1961,95.70
106.0750,-6.1961,92.60
106.0917,-6.1961,88.60
106.1083,-6.1961,83.70
106.1250,-6.1961,78.50
106.1417,-6.1961,73.30
106.1583,-6.1961,68.60
106.1750,-6.1961,64.80
106.1917,-6.1961,62.00
106.2083,-6.1961,60.20
106.2250,-6.1961,59.50
106.2417,-6.1961,59.50
106.2583,-6.1961,60.00
106.2750,-6.1961,60.70
106.2917,-6.1961,61.30
106.3083,-6.1961,61.80
106.3250,-6.1961,62.00
106.3417,-6.1961,62.10
106.3583,-6.1961,62.20
106.3750,-6.1961,62.30
106.3917,-6.1961,62.40
106.4083,-6.1961,62.70
106.4250,-6.1961,63.00
106.4417,-6.1961,63.30
106.4583,-6.1961,63.30
106.4750,-6.1961,63.00
106.4917,-6.1961,62.30
106.5083,-6.1961,61.20
106.5250,-6.1961,59.70
106.5417,-6.1961,57.90
106.5583,-6.1961,56.10
106.5750,-6.1961,54.20
106.5917,-6.1961,52.40
106.6083,-6.1961,50.80
106.6250,-6.1961,49.50
106.6417,-6.1961,48.40
106.6583,-6.1961,47.70
106.6750,-6.1961,47.20
106.6917,-6.1961,47.20
106.7083,-6.1961,47.40
106.7250,-6.1961,48.00
106.7417,-6.1961,48.80
106.7583,-6.1961,49.70
106.7750,-6.1961,50.70
106.7917,-6.1961,51.50
106.8083,-6.1961,52.00
106.8250,-6.1961,52.20
106.8417,-6.1961,52.00
106.8583,-6.1961,51.40
106.8750,-6.1961,50.60
106.8917,-6.1961,49.50
106.9083,-6.1961,48.20
106.9250,-6.1961,47.00
106.9417,-6.1961,45.70
106.9583,-6.1961,44.40
106.9750,-6.1961,42.90
106.9917,-6.1961,41.40
107.0083,-6.1961,39.70
106.0083,-6.2127,105.30
106.0250,-6.2127,105.90
106.0417,-6.2127,105.10
106.0583,-6.2127,103.00
106.0750,-6.2127,99.40
106.0917,-6.2127,94.60
106.1083,-6.2127,88.90
106.1250,-6.2127,82.70
106.1417,-6.2127,76.50
106.1583,-6.2127,71.00
106.1750,-6.2127,66.30
106.1917,-6.2127,62.80
106.2083,-6.2127,60.60
106.2250,-6.2127,59.50
106.2417,-6.2127,59.30
106.2583,-6.2127,59.60
106.2750,-6.2127,60.20
106.2917,-6.2127,60.80
106.3083,-6.2127,61.20
106.3250,-6.2127,61.40
106.3417,-6.2127,61.50
106.3583,-6.2127,61.60
106.3750,-6.2127,61.80
106.3917,-6.2127,62.10
106.4083,-6.2127,62.50
106.4250,-6.2127,63.00
106.4417,-6.2127,63.40
106.4583,-6.2127,63.50
106.4750,-6.2127,63.20
106.4917,-6.2127,62.50
106.5083,-6.2127,61.30
106.5250,-6.2127,59.60
106.5417,-6.2127,57.60
106.5583,-6.2127,55.50
106.5750,-6.2127,53.40
106.5917,-6.2127,51.50
106.6083,-6.2127,49.80
106.6250,-6.2127,48.40
106.6417,-6.2127,47.40
106.6583,-6.2127,46.70
106.6750,-6.2127,46.50
106.6917,-6.2127,46.60
106.7083,-6.2127,46.90
106.7250,-6.2127,47.60
106.7417,-6.2127,48.40
106.7583,-6.2127,49.30
106.7750,-6.2127,50.20
106.7917,-6.2127,50.80
106.8083,-6.2127,51.20
106.8250,-6.2127,51.20
106.8417,-6.2127,50.80
106.8583,-6.2127,50.20
106.8750,-6.2127,49.30
106.8917,-6.2127,48.40
106.9083,-6.2127,47.30
106.9250,-6.2127,46.30
106.9417,-6.2127,45.40
106.9583,-6.2127,44.30
106.9750,-6.2127,43.20
106.9917,-6.2127,41.90
107.0083,-6.2127,40.40
106.0083,-6.2293,114.60
106.0250,-6.2293,115.00
106.0417,-6.2293,113.90
106.0583,-6.2293,111.10
106.0750,-6.2293,106.80
106.0917,-6.2293,101.10
106.1083,-6.2293,94.40
106.1250,-6.2293,87.20
106.1417,-6.2293,80.10
106.1583,-6.2293,73.60
106.1750,-6.2293,68.10
106.1917,-6.2293,64.00
106.2083,-6.2293,61.30
106.2250,-6.2293,59.80
106.2417,-6.2293,59.40
106.2583,-6.2293,59.50
106.2750,-6.2293,60.00
106.2917,-6.2293,60.60
106.3083,-6.2293,61.00
106.3250,-6.2293,61.30
106.3417,-6.2293,61.40
106.3583,-6.2293,61.60
106.3750,-6.2293,61.90
106.3917,-6.2293,62.30
106.4083,-6.2293,62.80
106.4250,-6.2293,63.40
106.4417,-6.2293,63.80
106.4583,-6.2293,63.90
106.4750,-6.2293,63.60
106.4917,-6.2293,62.70
106.5083,-6.2293,61.40
106.5250,-6.2293,59.60
106.5417,-6.2293,57.50
106.5583,-6.2293,55.20
106.5750,-6.2293,53.10
106.5917,-6.2293,51.10
106.6083,-6.2293,49.40
106.6250,-6.2293,48.00
106.6417,-6.2293,47.10
106.6583,-6.2293,46.50
106.6750,-6.2293,46.30
106.6917,-6.2293,46.40
106.7083,-6.2293,46.90
106.7250,-6.2293,47.50
106.7417,-6.2293,48.20
106.7583,-6.2293,49.00
106.7750,-6.2293,49.60
106.7917,-6.2293,50.10
106.8083,-6.2293,50.20
106.8250,-6.2293,50.10
106.8417,-6.2293,49.60
106.8583,-6.2293,49.00
106.8750,-6.2293,48.20
106.8917,-6.2293,47.30
106.9083,-6.2293,46.50
106.9250,-6.2293,45.70
106.9417,-6.2293,44.90
106.9583,-6.2293,44.10
106.9750,-6.2293,43.20
106.9917,-6.2293,42.00
107.0083,-6.2293,40.60
106.0083,-6.2458,124.30
106.0250,-6.2458,124.30
106.0417,-6.2458,122.60
106.0583,-6.2458,119.10
106.0750,-6.2458,113.90
106.0917,-6.2458,107.20
106.1083,-6.2458,99.50
106.1250,-6.2458,91.40
106.1417,-6.2458,83.30
106.1583,-6.2458,76.10
106.1750,-6.2458,70.00
106.1917,-6.2458,65.40
106.2083,-6.2458,62.20
106.2250,-6.2458,60.40
106.2417,-6.2458,59.70
106.2583,-6.2458,59.70
106.2750,-6.2458,60.10
106.2917,-6.2458,60.60
106.3083,-6.2458,61.10
106.3250,-6.2458,61.50
106.3417,-6.2458,61.70
106.3583,-6.2458,62.10
106.3750,-6.2458,62.50
106.3917,-6.2458,63.00
106.4083,-6.2458,63.60
106.4250,-6.2458,64.10
106.4417,-6.2458,64.50
106.4583,-6.2458,64.50
106.4750,-6.2458,64.10
106.4917,-6.2458,63.20
106.5083,-6.2458,61.70
106.5250,-6.2458,59.90
106.5417,-6.2458,57.70
106.5583,-6.2458,55.50
106.5750,-6.2458,53.30
106.5917,-6.2458,51.40
106.6083,-6.2458,49.80
106.6250,-6.2458,48.50
106.6417,-6.2458,47.60
106.6583,-6.2458,47.10
106.6750,-6.2458,46.90
106.6917,-6.2458,47.00
106.7083,-6.2458,47.30
106.7250,-6.2458,47.70
106.7417,-6.2458,48.20
106.7583,-6.2458,48.70
106.7750,-6.2458,49.10
106.7917,-6.2458,49.30
106.8083,-6.2458,49.20
106.8250,-6.2458,49.00
106.8417,-6.2458,48.50
106.8583,-6.2458,47.90
106.8750,-6.2458,47.10
106.8917,-6.2458,46.40
106.9083,-6.2458,45.70
106.9250,-6.2458,45.00
106.9417,-6.2458,44.30
106.9583,-6.2458,43.60
106.9750,-6.2458,42.70
106.9917,-6.2458,41.60
107.0083,-6.2458,40.20
106.0083,-6.2624,132.40
106.0250,-6.2624,132.00
106.0417,-6.2624,129.70
106.0583,-6.2624,125.40
106.0750,-6.2624,119.30
106.0917,-6.2624,111.70
106.1083,-6.2624,103.20
106.1250,-6.2624,94.30
106.1417,-6.2624,85.70
106.1583,-6.2624,78.00
106.1750,-6.2624,71.50
106.1917,-6.2624,66.50
106.2083,-6.2624,63.10
106.2250,-6.2624,61.10
106.2417,-6.2624,60.20
106.2583,-6.2624,60.10
106.2750,-6.2624,60.40
106.2917,-6.2624,60.90
106.3083,-6.2624,61.50
106.3250,-6.2624,62.00
106.3417,-6.2624,62.50
106.3583,-6.2624,63.00
106.3750,-6.2624,63.50
106.3917,-6.2624,64.10
106.4083,-6.2624,64.70
106.4250,-6.2624,65.20
106.4417,-6.2624,65.50
106.4583,-6.2624,65.50
106.4750,-6.2624,64.90
106.4917,-6.2624,63.90
106.5083,-6.2624,62.40
106.5250,-6.2624,60.60
106.5417,-6.2624,58.60
106.5583,-6.2624,56.50
106.5750,-6.2624,54.50
106.5917,-6.2624,52.80
106.6083,-6.2624,51.30
106.6250,-6.2624,50.10
106.6417,-6.2624,49.30
106.6583,-6.2624,48.70
106.6750,-6.2624,48.40
106.6917,-6.2624,48.20
106.7083,-6.2624,48.20
106.7250,-6.2624,48.40
106.7417,-6.2624,48.50
106.7583,-6.2624,48.60
106.7750,-6.2624,48.70
106.7917,-6.2624,48.60
106.8083,-6.2624,48.40
106.8250,-6.2624,48.10
106.8417,-6.2624,47.60
106.8583,-6.2624,47.00
106.8750,-6.2624,46.40
106.8917,-6.2624,45.70
106.9083,-6.2624,45.00
106.9250,-6.2624,44.30
106.9417,-6.2624,43.60
106.9583,-6.2624,42.70
106.9750,-6.2624,41.70
106.9917,-6.2624,40.50
107.0083,-6.2624,39.10
106.0083,-6.2790,137.80
106.0250,-6.2790,137.00
106.0417,-6.2790,134.10
106.0583,-6.2790,129.10
106.0750,-6.2790,122.20
106.0917,-6.2790,114.00
106.1083,-6.2790,104.90
106.1250,-6.2790,95.60
106.1417,-6.2790,86.80
106.1583,-6.2790,78.90
106.1750,-6.2790,72.30
106.1917,-6.2790,67.30
106.2083,-6.2790,63.80
106.2250,-6.2790,61.70
106.2417,-6.2790,60.70
106.2583,-6.2790,60.50
106.2750,-6.2790,60.90
106.2917,-6.2790,61.50
106.3083,-6.2790,62.10
106.3250,-6.2790,62.80
106.3417,-6.2790,63.50
106.3583,-6.2790,64.10
106.3750,-6.2790,64.90
106.3917,-6.2790,65.50
106.4083,-6.2790,66.10
106.4250,-6.2790,66.60
106.4417,-6.2790,66.80
106.4583,-6.2790,66.50
106.4750,-6.2790,66.00
106.4917,-6.2790,64.90
106.5083,-6.2790,63.50
106.5250,-6.2790,61.90
106.5417,-6.2790,60.10
106.5583,-6.2790,58.30
106.5750,-6.2790,56.50
106.5917,-6.2790,55.00
106.6083,-6.2790,53.60
106.6250,-6.2790,52.50
106.6417,-6.2790,51.70
106.6583,-6.2790,50.90
106.6750,-6.2790,50.40
106.6917,-6.2790,49.90
106.7083,-6.2790,49.60
106.7250,-6.2790,49.30
106.7417,-6.2790,49.00
106.7583,-6.2790,48.70
106.7750,-6.2790,48.50
106.7917,-6.2790,48.20
106.8083,-6.2790,47.80
106.8250,-6.2790,47.50
106.8417,-6.2790,47.00
106.8583,-6.2790,46.50
106.8750,-6.2790,46.00
106.8917,-6.2790,45.30
106.9083,-6.2790,44.60
106.9250,-6.2790,43.70
106.9417,-6.2790,42.70
106.9583,-6.2790,41.60
106.9750,-6.2790,40.30
106.9917,-6.2790,38.90
107.0083,-6.2790,37.40
106.0083,-6.2955,139.30
106.0250,-6.2955,138.10
106.0417,-6.2955,134.70
106.0583,-6.2955,129.10
106.0750,-6.2955,121.80
106.0917,-6.2955,113.30
106.1083,-6.2955,104.10
106.1250,-6.2955,94.90
106.1417,-6.2955,86.20
106.1583,-6.2955,78.70
106.1750,-6.2955,72.40
106.1917,-6.2955,67.60
106.2083,-6.2955,64.30
106.2250,-6.2955,62.30
106.2417,-6.2955,61.30
106.2583,-6.2955,61.10
106.2750,-6.2955,61.50
106.2917,-6.2955,62.10
106.3083,-6.2955,62.90
106.3250,-6.2955,63.80
106.3417,-6.2955,64.70
106.3583,-6.2955,65.50
106.3750,-6.2955,66.30
106.3917,-6.2955,67.00
106.4083,-6.2955,67.60
106.4250,-6.2955,68.00
106.4417,-6.2955,68.00
106.4583,-6.2955,67.70
106.4750,-6.2955,67.10
106.4917,-6.2955,66.10
106.5083,-6.2955,64.90
106.5250,-6.2955,63.50
106.5417,-6.2955,62.00
106.5583,-6.2955,60.50
106.5750,-6.2955,59.00
106.5917,-6.2955,57.70
106.6083,-6.2955,56.40
106.6250,-6.2955,55.30
106.6417,-6.2955,54.30
106.6583,-6.2955,53.40
106.6750,-6.2955,52.50
106.6917,-6.2955,51.80
106.7083,-6.2955,51.00
106.7250,-6.2955,50.30
106.7417,-6.2955,49.60
106.7583,-6.2955,49.00
106.7750,-6.2955,48.40
106.7917,-6.2955,48.00
106.8083,-6.2955,47.60
106.8250,-6.2955,47.20
106.8417,-6.2955,46.90
106.8583,-6.2955,46.50
106.8750,-6.2955,46.00
106.8917,-6.2955,45.40
106.9083,-6.2955,44.60
106.9250,-6.2955,43.50
106.9417,-6.2955,42.20
106.9583,-6.2955,40.70
106.9750,-6.2955,39.00
106.9917,-6.2955,37.40
107.0083,-6.2955,35.80
106.0083,-6.3121,136.70
106.0250,-6.3121,135.20
106.0417,-6.3121,131.50
106.0583,-6.3121,125.70
106.0750,-6.3121,118.30
106.0917,-6.3121,109.90
106.1083,-6.3121,101.00
106.1250,-6.3121,92.30
106.1417,-6.3121,84.30
106.1583,-6.3121,77.40
106.1750,-6.3121,71.80
106.1917,-6.3121,67.60
106.2083,-6.3121,64.70
106.2250,-6.3121,62.90
106.2417,-6.3121,62.00
106.2583,-6.3121,61.90
106.2750,-6.3121,62.30
106.2917,-6.3121,62.90
106.3083,-6.3121,63.80
106.3250,-6.3121,64.80
106.3417,-6.3121,65.90
106.3583,-6.3121,66.90
106.3750,-6.3121,67.80
106.3917,-6.3121,68.50
106.4083,-6.3121,69.10
106.4250,-6.3121,69.30
106.4417,-6.3121,69.20
106.4583,-6.3121,68.90
106.4750,-6.3121,68.20
106.4917,-6.3121,67.40
106.5083,-6.3121,66.30
106.5250,-6.3121,65.20
106.5417,-6.3121,64.00
106.5583,-6.3121,62.80
106.5750,-6.3121,61.50
106.5917,-6.3121,60.40
106.6083,-6.3121,59.20
106.6250,-6.3121,58.00
106.6417,-6.3121,56.80
106.6583,-6.3121,55.70
106.6750,-6.3121,54.50
106.6917,-6.3121,53.30
106.7083,-6.3121,52.20
106.7250,-6.3121,51.20
106.7417,-6.3121,50.20
106.7583,-6.3121,49.30
106.7750,-6.3121,48.60
106.7917,-6.3121,48.00
106.8083,-6.3121,47.60
106.8250,-6.3121,47.40
106.8417,-6.3121,47.10
106.8583,-6.3121,46.90
106.8750,-6.3121,46.60
106.8917,-6.3121,46.00
106.9083,-6.3121,45.00
106.9250,-6.3121,43.80
106.9417,-6.3121,42.10
106.9583,-6.3121,40.30
106.9750,-6.3121,38.30
106.9917,-6.3121,36.40
107.0083,-6.3121,34.60
106.0083,-6.3287,130.40
106.0250,-6.3287,128.80
106.0417,-6.3287,124.90
106.0583,-6.3287,119.20
106.0750,-6.3287,112.10
106.0917,-6.3287,104.20
106.1083,-6.3287,96.10
106.1250,-6.3287,88.40
106.1417,-6.3287,81.50
106.1583,-6.3287,75.70
106.1750,-6.3287,71.00
106.1917,-6.3287,67.50
106.2083,-6.3287,65.20
106.2250,-6.3287,63.70
106.2417,-6.3287,63.00
106.2583,-6.3287,62.90
106.2750,-6.3287,63.20
106.2917,-6.3287,63.90
106.3083,-6.3287,64.90
106.3250,-6.3287,66.00
106.3417,-6.3287,67.10
106.3583,-6.3287,68.20
106.3750,-6.3287,69.20
106.3917,-6.3287,69.90
106.4083,-6.3287,70.30
106.4250,-6.3287,70.40
106.4417,-6.3287,70.30
106.4583,-6.3287,69.90
106.4750,-6.3287,69.20
106.4917,-6.3287,68.50
106.5083,-6.3287,67.60
106.5250,-6.3287,66.70
106.5417,-6.3287,65.70
106.5583,-6.3287,64.70
106.5750,-6.3287,63.70
106.5917,-6.3287,62.50
106.6083,-6.3287,61.30
106.6250,-6.3287,60.00
106.6417,-6.3287,58.60
106.6583,-6.3287,57.20
106.6750,-6.3287,55.80
106.6917,-6.3287,54.40
106.7083,-6.3287,53.10
106.7250,-6.3287,51.80
106.7417,-6.3287,50.70
106.7583,-6.3287,49.70
106.7750,-6.3287,49.00
106.7917,-6.3287,48.40
106.8083,-6.3287,48.10
106.8250,-6.3287,47.90
106.8417,-6.3287,47.90
106.8583,-6.3287,47.80
106.8750,-6.3287,47.60
106.8917,-6.3287,47.00
106.9083,-6.3287,46.10
106.9250,-6.3287,44.70
106.9417,-6.3287,42.80
106.9583,-6.3287,40.70
106.9750,-6.3287,38.50
106.9917,-6.3287,36.40
107.0083,-6.3287,34.60
106.0083,-6.3452,121.50
106.0250,-6.3452,119.80
106.0417,-6.3452,116.10
106.0583,-6.3452,110.70
106.0750,-6.3452,104.20
106.0917,-6.3452,97.30
106.1083,-6.3452,90.30
106.1250,-6.3452,84.00
106.1417,-6.3452,78.40
106.1583,-6.3452,73.90
106.1750,-6.3452,70.30
106.1917,-6.3452,67.70
106.2083,-6.3452,66.00
106.2250,-6.3452,64.90
106.2417,-6.3452,64.30
106.2583,-6.3452,64.20
106.2750,-6.3452,64.50
106.2917,-6.3452,65.10
106.3083,-6.3452,66.00
106.3250,-6.3452,67.20
106.3417,-6.3452,68.30
106.3583,-6.3452,69.50
106.3750,-6.3452,70.40
106.3917,-6.3452,71.10
106.4083,-6.3452,71.40
106.4250,-6.3452,71.40
106.4417,-6.3452,71.20
106.4583,-6.3452,70.70
106.4750,-6.3452,70.10
106.4917,-6.3452,69.40
106.5083,-6.3452,68.70
106.5250,-6.3452,68.00
106.5417,-6.3452,67.20
106.5583,-6.3452,66.30
106.5750,-6.3452,65.20
106.5917,-6.3452,64.00
106.6083,-6.3452,62.60
106.6250,-6.3452,61.10
106.6417,-6.3452,59.40
106.6583,-6.3452,57.90
106.6750,-6.3452,56.30
106.6917,-6.3452,54.90
106.7083,-6.3452,53.50
106.7250,-6.3452,52.30
106.7417,-6.3452,51.20
106.7583,-6.3452,50.30
106.7750,-6.3452,49.60
106.7917,-6.3452,49.10
106.8083,-6.3452,48.90
106.8250,-6.3452,48.90
106.8417,-6.3452,48.90
106.8583,-6.3452,49.00
106.8750,-6.3452,48.90
106.8917,-6.3452,48.50
106.9083,-6.3452,47.60
106.9250,-6.3452,46.10
106.9417,-6.3452,44.20
106.9583,-6.3452,42.00
106.9750,-6.3452,39.70
106.9917,-6.3452,37.60
107.0083,-6.3452,35.90
106.0083,-6.3618,111.70
106.0250,-6.3618,110.00
106.0417,-6.3618,106.50
106.0583,-6.3618,101.80
106.0750,-6.3618,96.10
106.0917,-6.3618,90.40
106.1083,-6.3618,84.80
106.1250,-6.3618,79.90
106.1417,-6.3618,75.80
106.1583,-6.3618,72.60
106.1750,-6.3618,70.30
106.1917,-6.3618,68.50
106.2083,-6.3618,67.30
106.2250,-6.3618,66.50
106.2417,-6.3618,66.00
106.2583,-6.3618,65.90
106.2750,-6.3618,66.10
106.2917,-6.3618,66.60
106.3083,-6.3618,67.40
106.3250,-6.3618,68.40
106.3417,-6.3618,69.60
106.3583,-6.3618,70.70
106.3750,-6.3618,71.60
106.3917,-6.3618,72.10
106.4083,-6.3618,72.40
106.4250,-6.3618,72.30
106.4417,-6.3618,71.90
106.4583,-6.3618,71.40
106.4750,-6.3618,70.90
106.4917,-6.3618,70.30
106.5083,-6.3618,69.80
106.5250,-6.3618,69.20
106.5417,-6.3618,68.40
106.5583,-6.3618,67.50
106.5750,-6.3618,66.30
106.5917,-6.3618,64.90
106.6083,-6.3618,63.20
106.6250,-6.3618,61.40
106.6417,-6.3618,59.60
106.6583,-6.3618,57.90
106.6750,-6.3618,56.30
106.6917,-6.3618,54.90
106.7083,-6.3618,53.70
106.7250,-6.3618,52.70
106.7417,-6.3618,51.90
106.7583,-6.3618,51.20
106.7750,-6.3618,50.70
106.7917,-6.3618,50.30
106.8083,-6.3618,50.10
106.8250,-6.3618,50.10
106.8417,-6.3618,50.30
106.8583,-6.3618,50.40
106.8750,-6.3618,50.40
106.8917,-6.3618,50.10
106.9083,-6.3618,49.30
106.9250,-6.3618,48.00
106.9417,-6.3618,46.20
106.9583,-6.3618,44.20
106.9750,-6.3618,42.00
106.9917,-6.3618,40.00
107.0083,-6.3618,38.40
106.0083,-6.3784,102.10
106.0250,-6.3784,100.50
106.0417,-6.3784,97.50
106.0583,-6.3784,93.40
106.0750,-6.3784,88.90
106.0917,-6.3784,84.40
106.1083,-6.3784,80.20
106.1250,-6.3784,76.90
106.1417,-6.3784,74.30
106.1583,-6.3784,72.40
106.1750,-6.3784,71.00
106.1917,-6.3784,70.10
106.2083,-6.3784,69.30
106.2250,-6.3784,68.70
106.2417,-6.3784,68.20
106.2583,-6.3784,67.90
106.2750,-6.3784,68.00
106.2917,-6.3784,68.30
106.3083,-6.3784,69.00
106.3250,-6.3784,69.90
106.3417,-6.3784,71.00
106.3583,-6.3784,72.00
106.3750,-6.3784,72.70
106.3917,-6.3784,73.20
106.4083,-6.3784,73.30
106.4250,-6.3784,73.20
106.4417,-6.3784,72.80
106.4583,-6.3784,72.30
106.4750,-6.3784,71.80
106.4917,-6.3784,71.40
106.5083,-6.3784,71.00
106.5250,-6.3784,70.50
106.5417,-6.3784,69.70
106.5583,-6.3784,68.70
106.5750,-6.3784,67.30
106.5917,-6.3784,65.60
106.6083,-6.3784,63.60
106.6250,-6.3784,61.50
106.6417,-6.3784,59.40
106.6583,-6.3784,57.60
106.6750,-6.3784,56.10
106.6917,-6.3784,55.00
106.7083,-6.3784,54.10
106.7250,-6.3784,53.50
106.7417,-6.3784,53.00
106.7583,-6.3784,52.60
106.7750,-6.3784,52.20
106.7917,-6.3784,51.90
106.8083,-6.3784,51.70
106.8250,-6.3784,51.70
106.8417,-6.3784,51.70
106.8583,-6.3784,51.80
106.8750,-6.3784,51.90
106.8917,-6.3784,51.60
106.9083,-6.3784,51.10
106.9250,-6.3784,50.00
106.9417,-6.3784,48.60
106.9583,-6.3784,46.90
106.9750,-6.3784,45.00
106.9917,-6.3784,43.30
107.0083,-6.3784,42.00
106.0083,-6.3949,94.30
106.0250,-6.3949,92.80
106.0417,-6.3949,90.30
106.0583,-6.3949,87.00
106.0750,-6.3949,83.50
106.0917,-6.3949,80.30
106.1083,-6.3949,77.50
106.1250,-6.3949,75.50
106.1417,-6.3949,74.10
106.1583,-6.3949,73.20
106.1750,-6.3949,72.70
106.1917,-6.3949,72.30
106.2083,-6.3949,71.80
106.2250,-6.3949,71.30
106.2417,-6.3949,70.70
106.2583,-6.3949,70.30
106.2750,-6.3949,70.10
106.2917,-6.3949,70.30
106.3083,-6.3949,70.80
106.3250,-6.3949,71.60
106.3417,-6.3949,72.60
106.3583,-6.3949,73.50
106.3750,-6.3949,74.10
106.3917,-6.3949,74.50
106.4083,-6.3949,74.50
106.4250,-6.3949,74.30
106.4417,-6.3949,73.90
106.4583,-6.3949,73.50
106.4750,-6.3949,73.20
106.4917,-6.3949,73.00
106.5083,-6.3949,72.70
106.5250,-6.3949,72.30
106.5417,-6.3949,71.60
106.5583,-6.3949,70.50
106.5750,-6.3949,68.90
106.5917,-6.3949,66.90
106.6083,-6.3949,64.50
106.6250,-6.3949,62.10
106.6417,-6.3949,59.80
106.6583,-6.3949,57.90
106.6750,-6.3949,56.50
106.6917,-6.3949,55.60
106.7083,-6.3949,55.10
106.7250,-6.3949,54.80
106.7417,-6.3949,54.70
106.7583,-6.3949,54.60
106.7750,-6.3949,54.30
106.7917,-6.3949,54.00
106.8083,-6.3949,53.70
106.8250,-6.3949,53.40
106.8417,-6.3949,53.20
106.8583,-6.3949,53.10
106.8750,-6.3949,53.10
106.8917,-6.3949,52.90
106.9083,-6.3949,52.50
106.9250,-6.3949,51.90
106.9417,-6.3949,50.90
106.9583,-6.3949,49.60
106.9750,-6.3949,48.20
106.9917,-6.3949,47.00
107.0083,-6.3949,45.90
106.0083,-6.4115,88.70
106.0250,-6.4115,87.50
106.0417,-6.4115,85.40
106.0583,-6.4115,83.00
106.0750,-6.4115,80.40
106.0917,-6.4115,78.30
106.1083,-6.4115,76.70
106.1250,-6.4115,75.70
106.1417,-6.4115,75.30
106.1583,-6.4115,75.20
106.1750,-6.4115,75.10
106.1917,-6.4115,75.00
106.2083,-6.4115,74.60
106.2250,-6.4115,74.00
106.2417,-6.4115,73.40
106.2583,-6.4115,72.80
106.2750,-6.4115,72.50
106.2917,-6.4115,72.60
106.3083,-6.4115,73.00
106.3250,-6.4115,73.70
106.3417,-6.4115,74.60
106.3583,-6.4115,75.30
106.3750,-6.4115,75.80
106.3917,-6.4115,76.10
106.4083,-6.4115,76.00
106.4250,-6.4115,75.70
106.4417,-6.4115,75.40
106.4583,-6.4115,75.20
106.4750,-6.4115,75.20
106.4917,-6.4115,75.20
106.5083,-6.4115,75.30
106.5250,-6.4115,75.10
106.5417,-6.4115,74.60
106.5583,-6.4115,73.40
106.5750,-6.4115,71.60
106.5917,-6.4115,69.30
106.6083,-6.4115,66.60
106.6250,-6.4115,63.80
106.6417,-6.4115,61.30
106.6583,-6.4115,59.20
106.6750,-6.4115,57.80
106.6917,-6.4115,57.00
106.7083,-6.4115,56.80
106.7250,-6.4115,56.90
106.7417,-6.4115,57.10
106.7583,-6.4115,57.20
106.7750,-6.4115,57.00
106.7917,-6.4115,56.60
106.8083,-6.4115,56.00
106.8250,-6.4115,55.40
106.8417,-6.4115,54.70
106.8583,-6.4115,54.30
106.8750,-6.4115,54.00
106.8917,-6.4115,53.80
106.9083,-6.4115,53.60
106.9250,-6.4115,53.30
106.9417,-6.4115,52.80
106.9583,-6.4115,52.20
106.9750,-6.4115,51.40
106.9917,-6.4115,50.60
107.0083,-6.4115,49.90
106.0083,-6.4280,85.70
106.0250,-6.4280,84.70
106.0417,-6.4280,83.20
106.0583,-6.4280,81.40
106.0750,-6.4280,79.80
106.0917,-6.4280,78.50
106.1083,-6.4280,77.80
106.1250,-6.4280,77.50
106.1417,-6.4280,77.60
106.1583,-6.4280,77.80
106.1750,-6.4280,77.90
106.1917,-6.4280,77.80
106.2083,-6.4280,77.40
106.2250,-6.4280,76.70
106.2417,-6.4280,75.90
106.2583,-6.4280,75.30
106.2750,-6.4280,75.00
106.2917,-6.4280,75.00
106.3083,-6.4280,75.50
106.3250,-6.4280,76.10
106.3417,-6.4280,76.90
106.3583,-6.4280,77.60
106.3750,-6.4280,77.90
106.3917,-6.4280,78.10
106.4083,-6.4280,77.90
106.4250,-6.4280,77.60
106.4417,-6.4280,77.50
106.4583,-6.4280,77.50
106.4750,-6.4280,77.90
106.4917,-6.4280,78.40
106.5083,-6.4280,78.90
106.5250,-6.4280,79.10
106.5417,-6.4280,78.90
106.5583,-6.4280,77.80
106.5750,-6.4280,76.00
106.5917,-6.4280,73.40
106.6083,-6.4280,70.40
106.6250,-6.4280,67.20
106.6417,-6.4280,64.30
106.6583,-6.4280,62.00
106.6750,-6.4280,60.40
106.6917,-6.4280,59.60
106.7083,-6.4280,59.40
106.7250,-6.4280,59.70
106.7417,-6.4280,60.00
106.7583,-6.4280,60.20
106.7750,-6.4280,60.00
106.7917,-6.4280,59.40
106.8083,-6.4280,58.50
106.8250,-6.4280,57.40
106.8417,-6.4280,56.30
106.8583,-6.4280,55.40
106.8750,-6.4280,54.80
106.8917,-6.4280,54.50
106.9083,-6.4280,54.40
106.9250,-6.4280,54.40
106.9417,-6.4280,54.50
106.9583,-6.4280,54.40
106.9750,-6.4280,54.20
106.9917,-6.4280,53.90
107.0083,-6.4280,53.50
106.0083,-6.4446,84.90
106.0250,-6.4446,84.20
106.0417,-6.4446,83.10
106.0583,-6.4446,82.00
106.0750,-6.4446,81.00
106.0917,-6.4446,80.40
106.1083,-6.4446,80.20
106.1250,-6.4446,80.30
106.1417,-6.4446,80.60
106.1583,-6.4446,80.80
106.1750,-6.4446,80.80
106.1917,-6.4446,80.50
106.2083,-6.4446,79.90
106.2250,-6.4446,79.10
106.2417,-6.4446,78.30
106.2583,-6.4446,77.80
106.2750,-6.4446,77.60
106.2917,-6.4446,77.70
106.3083,-6.4446,78.30
106.3250,-6.4446,79.00
106.3417,-6.4446,79.70
106.3583,-6.4446,80.30
106.3750,-6.4446,80.50
106.3917,-6.4446,80.50
106.4083,-6.4446,80.20
106.4250,-6.4446,80.00
106.4417,-6.4446,80.00
106.4583,-6.4446,80.40
106.4750,-6.4446,81.20
106.4917,-6.4446,82.30
106.5083,-6.4446,83.40
106.5250,-6.4446,84.30
106.5417,-6.4446,84.50
106.5583,-6.4446,83.70
106.5750,-6.4446,82.00
106.5917,-6.4446,79.30
106.6083,-6.4446,75.90
106.6250,-6.4446,72.30
106.6417,-6.4446,68.80
106.6583,-6.4446,66.00
106.6750,-6.4446,64.00
106.6917,-6.4446,62.90
106.7083,-6.4446,62.60
106.7250,-6.4446,62.80
106.7417,-6.4446,63.20
106.7583,-6.4446,63.40
106.7750,-6.4446,63.10
106.7917,-6.4446,62.30
106.8083,-6.4446,61.00
106.8250,-6.4446,59.50
106.8417,-6.4446,57.90
106.8583,-6.4446,56.50
106.8750,-6.4446,55.60
106.8917,-6.4446,55.10
106.9083,-6.4446,55.10
106.9250,-6.4446,55.50
106.9417,-6.4446,55.90
106.9583,-6.4446,56.40
106.9750,-6.4446,56.80
106.9917,-6.4446,56.90
107.0083,-6.4446,56.70
106.0083,-6.4612,85.50
106.0250,-6.4612,85.00
106.0417,-6.4612,84.50
106.0583,-6.4612,83.90
106.0750,-6.4612,83.50
106.0917,-6.4612,83.40
106.1083,-6.4612,83.40
106.1250,-6.4612,83.60
106.1417,-6.4612,83.70
106.1583,-6.4612,83.60
106.1750,-6.4612,83.30
106.1917,-6.4612,82.70
106.2083,-6.4612,81.90
106.2250,-6.4612,81.10
106.2417,-6.4612,80.40
106.2583,-6.4612,80.10
106.2750,-6.4612,80.20
106.2917,-6.4612,80.70
106.3083,-6.4612,81.40
106.3250,-6.4612,82.30
106.3417,-6.4612,83.00
106.3583,-6.4612,83.40
106.3750,-6.4612,83.50
106.3917,-6.4612,83.20
106.4083,-6.4612,82.90
106.4250,-6.4612,82.70
106.4417,-6.4612,82.90
106.4583,-6.4612,83.60
106.4750,-6.4612,85.00
106.4917,-6.4612,86.70
106.5083,-6.4612,88.60
106.5250,-6.4612,90.10
106.5417,-6.4612,90.90
106.5583,-6.4612,90.60
106.5750,-6.4612,89.00
106.5917,-6.4612,86.30
106.6083,-6.4612,82.60
106.6250,-6.4612,78.50
106.6417,-6.4612,74.40
106.6583,-6.4612,70.80
106.6750,-6.4612,68.20
106.6917,-6.4612,66.50
106.7083,-6.4612,65.80
106.7250,-6.4612,65.70
106.7417,-6.4612,65.90
106.7583,-6.4612,66.00
106.7750,-6.4612,65.70
106.7917,-6.4612,64.80
106.8083,-6.4612,63.30
106.8250,-6.4612,61.50
106.8417,-6.4612,59.60
106.8583,-6.4612,58.00
106.8750,-6.4612,56.70
106.8917,-6.4612,56.20
106.9083,-6.4612,56.30
106.9250,-6.4612,56.90
106.9417,-6.4612,57.80
106.9583,-6.4612,58.80
106.9750,-6.4612,59.60
106.9917,-6.4612,59.90
107.0083,-6.4612,59.90
106.0083,-6.4777,86.60
106.0250,-6.4777,86.60
106.0417,-6.4777,86.60
106.0583,-6.4777,86.60
106.0750,-6.4777,86.70
106.0917,-6.4777,86.80
106.1083,-6.4777,86.90
106.1250,-6.4777,86.90
106.1417,-6.4777,86.60
106.1583,-6.4777,86.10
106.1750,-6.4777,85.40
106.1917,-6.4777,84.50
106.2083,-6.4777,83.50
106.2250,-6.4777,82.80
106.2417,-6.4777,82.40
106.2583,-6.4777,82.50
106.2750,-6.4777,83.10
106.2917,-6.4777,84.00
106.3083,-6.4777,85.10
106.3250,-6.4777,86.00
106.3417,-6.4777,86.80
106.3583,-6.4777,87.00
106.3750,-6.4777,86.90
106.3917,-6.4777,86.40
106.4083,-6.4777,85.90
106.4250,-6.4777,85.70
106.4417,-6.4777,86.00
106.4583,-6.4777,87.10
106.4750,-6.4777,88.90
106.4917,-6.4777,91.30
106.5083,-6.4777,93.90
106.5250,-6.4777,96.20
106.5417,-6.4777,97.60
106.5583,-6.4777,97.80
106.5750,-6.4777,96.50
106.5917,-6.4777,93.70
106.6083,-6.4777,89.70
106.6250,-6.4777,85.00
106.6417,-6.4777,80.10
106.6583,-6.4777,75.70
106.6750,-6.4777,72.10
106.6917,-6.4777,69.60
106.7083,-6.4777,68.30
106.7250,-6.4777,67.80
106.7417,-6.4777,67.80
106.7583,-6.4777,67.80
106.7750,-6.4777,67.60
106.7917,-6.4777,66.80
106.8083,-6.4777,65.40
106.8250,-6.4777,63.50
106.8417,-6.4777,61.60
106.8583,-6.4777,59.80
106.8750,-6.4777,58.50
106.8917,-6.4777,58.00
106.9083,-6.4777,58.30
106.9250,-6.4777,59.20
106.9417,-6.4777,60.50
106.9583,-6.4777,61.90
106.9750,-6.4777,63.00
106.9917,-6.4777,63.70
107.0083,-6.4777,63.60
106.0083,-6.4943,87.70
106.0250,-6.4943,88.20
106.0417,-6.4943,88.70
106.0583,-6.4943,89.30
106.0750,-6.4943,89.80
106.0917,-6.4943,90.10
106.1083,-6.4943,90.20
106.1250,-6.4943,89.90
106.1417,-6.4943,89.20
106.1583,-6.4943,88.30
106.1750,-6.4943,87.10
106.1917,-6.4943,86.00
106.2083,-6.4943,85.10
106.2250,-6.4943,84.60
106.2417,-6.4943,84.70
106.2583,-6.4943,85.30
106.2750,-6.4943,86.40
106.2917,-6.4943,87.80
106.3083,-6.4943,89.20
106.3250,-6.4943,90.30
106.3417,-6.4943,91.00
106.3583,-6.4943,91.10
106.3750,-6.4943,90.70
106.3917,-6.4943,90.00
106.4083,-6.4943,89.30
106.4250,-6.4943,88.90
106.4417,-6.4943,89.30
106.4583,-6.4943,90.60
106.4750,-6.4943,92.70
106.4917,-6.4943,95.60
106.5083,-6.4943,98.70
106.5250,-6.4943,101.60
106.5417,-6.4943,103.50
106.5583,-6.4943,104.10
106.5750,-6.4943,103.00
106.5917,-6.4943,100.20
106.6083,-6.4943,95.80
106.6250,-6.4943,90.50
106.6417,-6.4943,84.80
106.6583,-6.4943,79.40
106.6750,-6.4943,74.80
106.6917,-6.4943,71.50
106.7083,-6.4943,69.40
106.7250,-6.4943,68.40
106.7417,-6.4943,68.30
106.7583,-6.4943,68.30
106.7750,-6.4943,68.30
106.7917,-6.4943,67.90
106.8083,-6.4943,66.90
106.8250,-6.4943,65.40
106.8417,-6.4943,63.70
106.8583,-6.4943,62.30
106.8750,-6.4943,61.30
106.8917,-6.4943,61.00
106.9083,-6.4943,61.60
106.9250,-6.4943,62.90
106.9417,-6.4943,64.70
106.9583,-6.4943,66.50
106.9750,-6.4943,68.00
106.9917,-6.4943,68.70
107.0083,-6.4943,68.40
106.0083,-6.5109,88.40
106.0250,-6.5109,89.40
106.0417,-6.5109,90.60
106.0583,-6.5109,91.70
106.0750,-6.5109,92.70
106.0917,-6.5109,93.20
106.1083,-6.5109,93.30
106.1250,-6.5109,92.70
106.1417,-6.5109,91.70
106.1583,-6.5109,90.40
106.1750,-6.5109,88.90
106.1917,-6.5109,87.80
106.2083,-6.5109,87.00
106.2250,-6.5109,87.00
106.2417,-6.5109,87.60
106.2583,-6.5109,88.90
106.2750,-6.5109,90.60
106.2917,-6.5109,92.40
106.3083,-6.5109,94.10
106.3250,-6.5109,95.40
106.3417,-6.5109,95.90
106.3583,-6.5109,95.80
106.3750,-6.5109,95.20
106.3917,-6.5109,94.10
106.4083,-6.5109,93.20
106.4250,-6.5109,92.70
106.4417,-6.5109,92.90
106.4583,-6.5109,94.20
106.4750,-6.5109,96.50
106.4917,-6.5109,99.50
106.5083,-6.5109,102.90
106.5250,-6.5109,105.90
106.5417,-6.5109,108.10
106.5583,-6.5109,108.90
106.5750,-6.5109,107.80
106.5917,-6.5109,104.80
106.6083,-6.5109,100.10
106.6250,-6.5109,94.30
106.6417,-6.5109,87.80
106.6583,-6.5109,81.50
106.6750,-6.5109,76.00
106.6917,-6.5109,71.80
106.7083,-6.5109,69.00
106.7250,-6.5109,67.70
106.7417,-6.5109,67.40
106.7583,-6.5109,67.60
106.7750,-6.5109,68.10
106.7917,-6.5109,68.20
106.8083,-6.5109,67.90
106.8250,-6.5109,67.10
106.8417,-6.5109,66.20
106.8583,-6.5109,65.30
106.8750,-6.5109,65.00
106.8917,-6.5109,65.30
106.9083,-6.5109,66.50
106.9250,-6.5109,68.40
106.9417,-6.5109,70.70
106.9583,-6.5109,73.00
106.9750,-6.5109,74.70
106.9917,-6.5109,75.40
107.0083,-6.5109,75.00
106.0083,-6.5274,88.60
106.0250,-6.5274,90.10
106.0417,-6.5274,92.00
106.0583,-6.5274,93.80
106.0750,-6.5274,95.20
106.0917,-6.5274,96.10
106.1083,-6.5274,96.20
106.1250,-6.5274,95.60
106.1417,-6.5274,94.30
106.1583,-6.5274,92.80
106.1750,-6.5274,91.40
106.1917,-6.5274,90.30
106.2083,-6.5274,89.90
106.2250,-6.5274,90.40
106.2417,-6.5274,91.60
106.2583,-6.5274,93.50
106.2750,-6.5274,95.80
106.2917,-6.5274,98.00
106.3083,-6.5274,99.90
106.3250,-6.5274,101.20
106.3417,-6.5274,101.70
106.3583,-6.5274,101.40
106.3750,-6.5274,100.40
106.3917,-6.5274,99.20
106.4083,-6.5274,98.00
106.4250,-6.5274,97.30
106.4417,-6.5274,97.30
106.4583,-6.5274,98.30
106.4750,-6.5274,100.30
106.4917,-6.5274,103.00
106.5083,-6.5274,106.10
106.5250,-6.5274,108.90
106.5417,-6.5274,110.90
106.5583,-6.5274,111.40
106.5750,-6.5274,110.10
106.5917,-6.5274,106.90
106.6083,-6.5274,101.80
106.6250,-6.5274,95.60
106.6417,-6.5274,88.50
106.6583,-6.5274,81.60
106.6750,-6.5274,75.50
106.6917,-6.5274,70.70
106.7083,-6.5274,67.50
106.7250,-6.5274,65.90
106.7417,-6.5274,65.60
106.7583,-6.5274,66.20
106.7750,-6.5274,67.20
106.7917,-6.5274,68.00
106.8083,-6.5274,68.60
106.8250,-6.5274,68.80
106.8417,-6.5274,68.80
106.8583,-6.5274,68.90
106.8750,-6.5274,69.50
106.8917,-6.5274,70.70
106.9083,-6.5274,72.80
106.9250,-6.5274,75.50
106.9417,-6.5274,78.60
106.9583,-6.5274,81.40
106.9750,-6.5274,83.40
106.9917,-6.5274,84.20
107.0083,-6.5274,83.40
106.0083,-6.5440,88.50
106.0250,-6.5440,90.70
106.0417,-6.5440,93.20
106.0583,-6.5440,95.70
106.0750,-6.5440,97.80
106.0917,-6.5440,99.00
106.1083,-6.5440,99.30
106.1250,-6.5440,98.80
106.1417,-6.5440,97.60
106.1583,-6.5440,96.20
106.1750,-6.5440,94.90
106.1917,-6.5440,94.20
106.2083,-6.5440,94.30
106.2250,-6.5440,95.40
106.2417,-6.5440,97.30
106.2583,-6.5440,99.70
106.2750,-6.5440,102.40
106.2917,-6.5440,104.90
106.3083,-6.5440,106.90
106.3250,-6.5440,108.10
106.3417,-6.5440,108.50
106.3583,-6.5440,108.10
106.3750,-6.5440,107.00
106.3917,-6.5440,105.60
106.4083,-6.5440,104.30
106.4250,-6.5440,103.30
106.4417,-6.5440,103.00
106.4583,-6.5440,103.60
106.4750,-6.5440,104.90
106.4917,-6.5440,106.80
106.5083,-6.5440,109.00
106.5250,-6.5440,110.80
106.5417,-6.5440,112.00
106.5583,-6.5440,111.80
106.5750,-6.5440,110.00
106.5917,-6.5440,106.40
106.6083,-6.5440,101.10
106.6250,-6.5440,94.60
106.6417,-6.5440,87.40
106.6583,-6.5440,80.30
106.6750,-6.5440,73.90
106.6917,-6.5440,69.00
106.7083,-6.5440,65.60
106.7250,-6.5440,64.00
106.7417,-6.5440,63.90
106.7583,-6.5440,64.80
106.7750,-6.5440,66.30
106.7917,-6.5440,67.90
106.8083,-6.5440,69.30
106.8250,-6.5440,70.50
106.8417,-6.5440,71.60
106.8583,-6.5440,72.80
106.8750,-6.5440,74.60
106.8917,-6.5440,77.00
106.9083,-6.5440,80.30
106.9250,-6.5440,84.10
106.9417,-6.5440,88.10
106.9583,-6.5440,91.50
106.9750,-6.5440,94.00
106.9917,-6.5440,94.70
107.0083,-6.5440,93.60
106.0083,-6.5605,88.60
106.0250,-6.5605,91.40
106.0417,-6.5605,94.70
106.0583,-6.5605,97.90
106.0750,-6.5605,100.50
106.0917,-6.5605,102.30
106.1083,-6.5605,103.00
106.1250,-6.5605,102.80
106.1417,-6.5605,101.90
106.1583,-6.5605,100.90
106.1750,-6.5605,100.00
106.1917,-6.5605,99.90
106.2083,-6.5605,100.60
106.2250,-6.5605,102.30
106.2417,-6.5605,104.80
106.2583,-6.5605,107.70
106.2750,-6.5605,110.60
106.2917,-6.5605,113.20
106.3083,-6.5605,115.20
106.3250,-6.5605,116.30
106.3417,-6.5605,116.60
106.3583,-6.5605,116.10
106.3750,-6.5605,115.10
106.3917,-6.5605,113.90
106.4083,-6.5605,112.60
106.4250,-6.5605,111.60
106.4417,-6.5605,110.90
106.4583,-6.5605,110.70
106.4750,-6.5605,111.00
106.4917,-6.5605,111.60
106.5083,-6.5605,112.20
106.5250,-6.5605,112.50
106.5417,-6.5605,112.20
106.5583,-6.5605,110.80
106.5750,-6.5605,108.10
106.5917,-6.5605,104.00
106.6083,-6.5605,98.60
106.6250,-6.5605,92.30
106.6417,-6.5605,85.40
106.6583,-6.5605,78.70
106.6750,-6.5605,72.80
106.6917,-6.5605,68.10
106.7083,-6.5605,65.10
106.7250,-6.5605,63.70
106.7417,-6.5605,63.70
106.7583,-6.5605,64.80
106.7750,-6.5605,66.60
106.7917,-6.5605,68.50
106.8083,-6.5605,70.50
106.8250,-6.5605,72.40
106.8417,-6.5605,74.40
106.8583,-6.5605,76.70
106.8750,-6.5605,79.70
106.8917,-6.5605,83.50
106.9083,-6.5605,88.20
106.9250,-6.5605,93.30
106.9417,-6.5605,98.40
106.9583,-6.5605,102.70
106.9750,-6.5605,105.60
106.9917,-6.5605,106.50
107.0083,-6.5605,104.90
106.0083,-6.5771,89.30
106.0250,-6.5771,92.70
106.0417,-6.5771,96.70
106.0583,-6.5771,100.60
106.0750,-6.5771,104.00
106.0917,-6.5771,106.30
106.1083,-6.5771,107.60
106.1250,-6.5771,108.00
106.1417,-6.5771,107.70
106.1583,-6.5771,107.20
106.1750,-6.5771,107.10
106.1917,-6.5771,107.60
106.2083,-6.5771,109.10
106.2250,-6.5771,111.40
106.2417,-6.5771,114.30
106.2583,-6.5771,117.40
106.2750,-6.5771,120.40
106.2917,-6.5771,122.90
106.3083,-6.5771,124.70
106.3250,-6.5771,125.80
106.3417,-6.5771,126.10
106.3583,-6.5771,125.90
106.3750,-6.5771,125.20
106.3917,-6.5771,124.40
106.4083,-6.5771,123.50
106.4250,-6.5771,122.60
106.4417,-6.5771,121.60
106.4583,-6.5771,120.60
106.4750,-6.5771,119.50
106.4917,-6.5771,118.30
106.5083,-6.5771,116.80
106.5250,-6.5771,114.90
106.5417,-6.5771,112.50
106.5583,-6.5771,109.40
106.5750,-6.5771,105.60
106.5917,-6.5771,101.00
106.6083,-6.5771,95.60
106.6250,-6.5771,89.80
106.6417,-6.5771,83.80
106.6583,-6.5771,78.30
106.6750,-6.5771,73.40
106.6917,-6.5771,69.60
106.7083,-6.5771,67.20
106.7250,-6.5771,66.20
106.7417,-6.5771,66.30
106.7583,-6.5771,67.30
106.7750,-6.5771,68.80
106.7917,-6.5771,70.50
106.8083,-6.5771,72.50
106.8250,-6.5771,74.60
106.8417,-6.5771,77.10
106.8583,-6.5771,80.40
106.8750,-6.5771,84.60
106.8917,-6.5771,89.90
106.9083,-6.5771,96.10
106.9250,-6.5771,102.70
106.9417,-6.5771,109.20
106.9583,-6.5771,114.50
106.9750,-6.5771,117.90
106.9917,-6.5771,118.80
107.0083,-6.5771,116.90
106.0083,-6.5936,91.10
106.0250,-6.5936,95.00
106.0417,-6.5936,99.60
106.0583,-6.5936,104.20
106.0750,-6.5936,108.30
106.0917,-6.5936,111.30
106.1083,-6.5936,113.30
106.1250,-6.5936,114.40
106.1417,-6.5936,114.80
106.1583,-6.5936,115.20
106.1750,-6.5936,115.90
106.1917,-6.5936,117.30
106.2083,-6.5936,119.50
106.2250,-6.5936,122.30
106.2417,-6.5936,125.60
106.2583,-6.5936,128.80
106.2750,-6.5936,131.60
106.2917,-6.5936,133.90
106.3083,-6.5936,135.50
106.3250,-6.5936,136.50
106.3417,-6.5936,137.00
106.3583,-6.5936,137.20
106.3750,-6.5936,137.30
106.3917,-6.5936,137.30
106.4083,-6.5936,137.20
106.4250,-6.5936,136.60
106.4417,-6.5936,135.60
106.4583,-6.5936,133.80
106.4750,-6.5936,131.20
106.4917,-6.5936,127.90
106.5083,-6.5936,123.80
106.5250,-6.5936,119.30
106.5417,-6.5936,114.30
106.5583,-6.5936,109.30
106.5750,-6.5936,104.00
106.5917,-6.5936,98.90
106.6083,-6.5936,93.80
106.6250,-6.5936,89.00
106.6417,-6.5936,84.50
106.6583,-6.5936,80.70
106.6750,-6.5936,77.50
106.6917,-6.5936,75.20
106.7083,-6.5936,73.70
106.7250,-6.5936,73.00
106.7417,-6.5936,72.90
106.7583,-6.5936,73.20
106.7750,-6.5936,73.80
106.7917,-6.5936,74.60
106.8083,-6.5936,75.70
106.8250,-6.5936,77.30
106.8417,-6.5936,79.80
106.8583,-6.5936,83.60
106.8750,-6.5936,88.80
106.8917,-6.5936,95.50
106.9083,-6.5936,103.40
106.9250,-6.5936,111.70
106.9417,-6.5936,119.70
106.9583,-6.5936,126.10
106.9750,-6.5936,130.10
106.9917,-6.5936,131.00
107.0083,-6.5936,128.50
106.0083,-6.6102,94.00
106.0250,-6.6102,98.50
106.0417,-6.6102,103.60
106.0583,-6.6102,108.80
106.0750,-6.6102,113.50
106.0917,-6.6102,117.30
106.1083,-6.6102,120.10
106.1250,-6.6102,122.00
106.1417,-6.6102,123.40
106.1583,-6.6102,124.70
106.1750,-6.6102,126.50
106.1917,-6.6102,128.80
106.2083,-6.6102,131.70
106.2250,-6.6102,135.00
106.2417,-6.6102,138.40
106.2583,-6.6102,141.50
106.2750,-6.6102,144.00
106.2917,-6.6102,145.90
106.3083,-6.6102,147.20
106.3250,-6.6102,148.20
106.3417,-6.6102,149.10
106.3583,-6.6102,150.10
106.3750,-6.6102,151.40
106.3917,-6.6102,152.60
106.4083,-6.6102,153.50
106.4250,-6.6102,153.70
106.4417,-6.6102,152.80
106.4583,-6.6102,150.40
106.4750,-6.6102,146.30
106.4917,-6.6102,140.80
106.5083,-6.6102,134.00
106.5250,-6.6102,126.50
106.5417,-6.6102,118.80
106.5583,-6.6102,111.40
106.5750,-6.6102,104.80
106.5917,-6.6102,99.10
106.6083,-6.6102,94.50
106.6250,-6.6102,91.10
106.6417,-6.6102,88.60
106.6583,-6.6102,87.00
106.6750,-6.6102,86.00
106.6917,-6.6102,85.40
106.7083,-6.6102,85.00
106.7250,-6.6102,84.60
106.7417,-6.6102,84.00
106.7583,-6.6102,83.10
106.7750,-6.6102,81.90
106.7917,-6.6102,80.80
106.8083,-6.6102,80.20
106.8250,-6.6102,80.50
106.8417,-6.6102,82.40
106.8583,-6.6102,86.30
106.8750,-6.6102,92.40
106.8917,-6.6102,100.50
106.9083,-6.6102,110.20
106.9250,-6.6102,120.30
106.9417,-6.6102,129.90
106.9583,-6.6102,137.40
106.9750,-6.6102,142.00
106.9917,-6.6102,142.80
107.0083,-6.6102,139.60
106.0083,-6.6267,98.10
106.0250,-6.6267,102.90
106.0417,-6.6267,108.60
106.0583,-6.6267,114.30
106.0750,-6.6267,119.60
106.0917,-6.6267,124.00
106.1083,-6.6267,127.60
106.1250,-6.6267,130.40
106.1417,-6.6267,132.90
106.1583,-6.6267,135.30
106.1750,-6.6267,138.10
106.1917,-6.6267,141.30
106.2083,-6.6267,144.90
106.2250,-6.6267,148.50
106.2417,-6.6267,152.00
106.2583,-6.6267,154.80
106.2750,-6.6267,156.90
106.2917,-6.6267,158.40
106.3083,-6.6267,159.50
106.3250,-6.6267,160.60
106.3417,-6.6267,162.00
106.3583,-6.6267,164.00
106.3750,-6.6267,166.60
106.3917,-6.6267,169.30
106.4083,-6.6267,171.80
106.4250,-6.6267,173.10
106.4417,-6.6267,172.60
106.4583,-6.6267,169.80
106.4750,-6.6267,164.50
106.4917,-6.6267,156.90
106.5083,-6.6267,147.40
106.5250,-6.6267,137.10
106.5417,-6.6267,126.60
106.5583,-6.6267,117.00
106.5750,-6.6267,108.80
106.5917,-6.6267,102.80
106.6083,-6.6267,98.90
106.6250,-6.6267,97.00
106.6417,-6.6267,96.80
106.6583,-6.6267,97.70
106.6750,-6.6267,99.10
106.6917,-6.6267,100.50
106.7083,-6.6267,101.10
106.7250,-6.6267,100.70
106.7417,-6.6267,99.10
106.7583,-6.6267,96.30
106.7750,-6.6267,92.70
106.7917,-6.6267,89.00
106.8083,-6.6267,85.80
106.8250,-6.6267,84.20
106.8417,-6.6267,84.90
106.8583,-6.6267,88.60
106.8750,-6.6267,95.40
106.8917,-6.6267,104.90
106.9083,-6.6267,116.50
106.9250,-6.6267,128.50
106.9417,-6.6267,139.80
106.9583,-6.6267,148.40
106.9750,-6.6267,153.50
106.9917,-6.6267,154.10
107.0083,-6.6267,150.10
106.0083,-6.6433,103.00
106.0250,-6.6433,108.30
106.0417,-6.6433,114.40
106.0583,-6.6433,120.50
106.0750,-6.6433,126.30
106.0917,-6.6433,131.40
106.1083,-6.6433,135.80
106.1250,-6.6433,139.50
106.1417,-6.6433,143.00
106.1583,-6.6433,146.60
106.1750,-6.6433,150.40
106.1917,-6.6433,154.50
106.2083,-6.6433,158.70
106.2250,-6.6433,162.60
106.2417,-6.6433,166.00
106.2583,-6.6433,168.50
106.2750,-6.6433,170.10
106.2917,-6.6433,171.10
106.3083,-6.6433,171.90
106.3250,-6.6433,173.10
106.3417,-6.6433,175.20
106.3583,-6.6433,178.30
106.3750,-6.6433,182.40
106.3917,-6.6433,186.90
106.4083,-6.6433,191.10
106.4250,-6.6433,193.70
106.4417,-6.6433,194.00
106.4583,-6.6433,191.20
106.4750,-6.6433,184.90
106.4917,-6.6433,175.60
106.5083,-6.6433,163.80
106.5250,-6.6433,150.80
106.5417,-6.6433,137.70
106.5583,-6.6433,126.00
106.5750,-6.6433,116.60
106.5917,-6.6433,110.20
106.6083,-6.6433,107.00
106.6250,-6.6433,106.70
106.6417,-6.6433,108.90
106.6583,-6.6433,112.30
106.6750,-6.6433,116.20
106.6917,-6.6433,119.30
106.7083,-6.6433,120.90
106.7250,-6.6433,120.30
106.7417,-6.6433,117.30
106.7583,-6.6433,112.10
106.7750,-6.6433,105.40
106.7917,-6.6433,98.40
106.8083,-6.6433,92.10
106.8250,-6.6433,88.10
106.8417,-6.6433,87.40
106.8583,-6.6433,90.80
106.8750,-6.6433,98.30
106.8917,-6.6433,109.30
106.9083,-6.6433,122.90
106.9250,-6.6433,137.00
106.9417,-6.6433,150.00
106.9583,-6.6433,159.80
106.9750,-6.6433,165.30
106.9917,-6.6433,165.40
107.0083,-6.6433,160.40
106.0083,-6.6599,108.50
106.0250,-6.6599,114.10
106.0417,-6.6599,120.60
106.0583,-6.6599,127.00
106.0750,-6.6599,133.30
106.0917,-6.6599,138.90
106.1083,-6.6599,144.10
106.1250,-6.6599,148.70
106.1417,-6.6599,153.30
106.1583,-6.6599,157.80
106.1750,-6.6599,162.70
106.1917,-6.6599,167.50
106.2083,-6.6599,172.20
106.2250,-6.6599,176.30
106.2417,-6.6599,179.50
106.2583,-6.6599,181.50
106.2750,-6.6599,182.60
106.2917,-6.6599,183.10
106.3083,-6.6599,183.70
106.3250,-6.6599,185.00
106.3417,-6.6599,187.60
106.3583,-6.6599,191.80
106.3750,-6.6599,197.40
106.3917,-6.6599,203.60
106.4083,-6.6599,209.50
106.4250,-6.6599,213.60
106.4417,-6.6599,214.90
106.4583,-6.6599,212.40
106.4750,-6.6599,205.70
106.4917,-6.6599,195.30
106.5083,-6.6599,181.70
106.5250,-6.6599,166.70
106.5417,-6.6599,151.50
106.5583,-6.6599,138.00
106.5750,-6.6599,127.40
106.5917,-6.6599,120.70
106.6083,-6.6599,118.10
106.6250,-6.6599,119.30
106.6417,-6.6599,123.40
106.6583,-6.6599,129.10
106.6750,-6.6599,135.10
106.6917,-6.6599,139.70
106.7083,-6.6599,141.90
106.7250,-6.6599,140.80
106.7417,-6.6599,136.10
106.7583,-6.6599,128.30
106.7750,-6.6599,118.30
106.7917,-6.6599,107.90
106.8083,-6.6599,98.50
106.8250,-6.6599,92.10
106.8417,-6.6599,90.10
106.8583,-6.6599,93.20
106.8750,-6.6599,101.70
106.8917,-6.6599,114.50
106.9083,-6.6599,130.30
106.9250,-6.6599,146.60
106.9417,-6.6599,161.40
106.9583,-6.6599,172.30
106.9750,-6.6599,177.90
106.9917,-6.6599,177.40
107.0083,-6.6599,171.10
106.0083,-6.6764,114.10
106.0250,-6.6764,120.20
106.0417,-6.6764,126.90
106.0583,-6.6764,133.70
106.0750,-6.6764,140.40
106.0917,-6.6764,146.50
106.1083,-6.6764,152.30
106.1250,-6.6764,157.80
106.1417,-6.6764,163.30
106.1583,-6.6764,168.80
106.1750,-6.6764,174.50
106.1917,-6.6764,180.00
106.2083,-6.6764,185.10
106.2250,-6.6764,189.20
106.2417,-6.6764,192.10
106.2583,-6.6764,193.80
106.2750,-6.6764,194.30
106.2917,-6.6764,194.30
106.3083,-6.6764,194.60
106.3250,-6.6764,195.90
106.3417,-6.6764,199.00
106.3583,-6.6764,204.00
106.3750,-6.6764,210.80
106.3917,-6.6764,218.50
106.4083,-6.6764,225.90
106.4250,-6.6764,231.50
106.4417,-6.6764,233.90
106.4583,-6.6764,232.00
106.4750,-6.6764,225.40
106.4917,-6.6764,214.50
106.5083,-6.6764,199.90
106.5250,-6.6764,183.50
106.5417,-6.6764,166.80
106.5583,-6.6764,152.10
106.5750,-6.6764,140.50
106.5917,-6.6764,133.50
106.6083,-6.6764,131.20
106.6250,-6.6764,133.30
106.6417,-6.6764,139.00
106.6583,-6.6764,146.40
106.6750,-6.6764,153.90
106.6917,-6.6764,159.60
106.7083,-6.6764,162.00
106.7250,-6.6764,160.10
106.7417,-6.6764,153.60
106.7583,-6.6764,143.30
106.7750,-6.6764,130.20
106.7917,-6.6764,116.50
106.8083,-6.6764,104.30
106.8250,-6.6764,95.90
106.8417,-6.6764,92.90
106.8583,-6.6764,96.30
106.8750,-6.6764,106.10
106.8917,-6.6764,121.00
106.9083,-6.6764,139.30
106.9250,-6.6764,157.90
106.9417,-6.6764,174.60
106.9583,-6.6764,186.40
106.9750,-6.6764,192.10
106.9917,-6.6764,190.70
107.0083,-6.6764,182.80
106.0083,-6.6930,119.70
106.0250,-6.6930,126.10
106.0417,-6.6930,133.10
106.0583,-6.6930,140.10
106.0750,-6.6930,147.00
106.0917,-6.6930,153.70
106.1083,-6.6930,160.10
106.1250,-6.6930,166.30
106.1417,-6.6930,172.60
106.1583,-6.6930,178.90
106.1750,-6.6930,185.30
106.1917,-6.6930,191.20
106.2083,-6.6930,196.50
106.2250,-6.6930,200.60
106.2417,-6.6930,203.30
106.2583,-6.6930,204.40
106.2750,-6.6930,204.40
106.2917,-6.6930,203.90
106.3083,-6.6930,203.80
106.3250,-6.6930,205.10
106.3417,-6.6930,208.30
106.3583,-6.6930,213.80
106.3750,-6.6930,221.40
106.3917,-6.6930,230.00
106.4083,-6.6930,238.50
106.4250,-6.6930,245.20
106.4417,-6.6930,248.80
106.4583,-6.6930,247.80
106.4750,-6.6930,241.80
106.4917,-6.6930,231.10
106.5083,-6.6930,216.30
106.5250,-6.6930,199.40
106.5417,-6.6930,182.00
106.5583,-6.6930,166.40
106.5750,-6.6930,154.10
106.5917,-6.6930,146.60
106.6083,-6.6930,144.30
106.6250,-6.6930,146.70
106.6417,-6.6930,153.00
106.6583,-6.6930,161.30
106.6750,-6.6930,169.60
106.6917,-6.6930,175.70
106.7083,-6.6930,178.00
106.7250,-6.6930,175.30
106.7417,-6.6930,167.30
106.7583,-6.6930,154.80
106.7750,-6.6930,139.10
106.7917,-6.6930,123.10
106.8083,-6.6930,108.80
106.8250,-6.6930,99.30
106.8417,-6.6930,96.10
106.8583,-6.6930,100.40
106.8750,-6.6930,112.00
106.8917,-6.6930,129.30
106.9083,-6.6930,150.30
106.9250,-6.6930,171.30
106.9417,-6.6930,189.70
106.9583,-6.6930,202.40
106.9750,-6.6930,207.90
106.9917,-6.6930,205.50
107.0083,-6.6930,195.80
106.0083,-6.7095,125.00
106.0250,-6.7095,131.60
106.0417,-6.7095,138.80
106.0583,-6.7095,146.00
106.0750,-6.7095,153.30
106.0917,-6.7095,160.30
106.1083,-6.7095,167.30
106.1250,-6.7095,174.10
106.1417,-6.7095,181.10
106.1583,-6.7095,188.00
106.1750,-6.7095,194.80
106.1917,-6.7095,201.00
106.2083,-6.7095,206.40
106.2250,-6.7095,210.30
106.2417,-6.7095,212.60
106.2583,-6.7095,213.30
106.2750,-6.7095,212.80
106.2917,-6.7095,211.90
106.3083,-6.7095,211.30
106.3250,-6.7095,212.30
106.3417,-6.7095,215.30
106.3583,-6.7095,220.70
106.3750,-6.7095,228.50
106.3917,-6.7095,237.40
106.4083,-6.7095,246.60
106.4250,-6.7095,254.00
106.4417,-6.7095,258.50
106.4583,-6.7095,258.60
106.4750,-6.7095,253.60
106.4917,-6.7095,243.80
106.5083,-6.7095,229.70
106.5250,-6.7095,213.20
106.5417,-6.7095,195.80
106.5583,-6.7095,179.90
106.5750,-6.7095,167.10
106.5917,-6.7095,159.00
106.6083,-6.7095,156.10
106.6250,-6.7095,158.10
106.6417,-6.7095,164.20
106.6583,-6.7095,172.30
106.6750,-6.7095,180.60
106.6917,-6.7095,186.50
106.7083,-6.7095,188.40
106.7250,-6.7095,184.90
106.7417,-6.7095,175.60
106.7583,-6.7095,161.70
106.7750,-6.7095,144.50
106.7917,-6.7095,127.10
106.8083,-6.7095,111.90
106.8250,-6.7095,102.10
106.8417,-6.7095,99.70
106.8583,-6.7095,105.60
106.8750,-6.7095,119.50
106.8917,-6.7095,139.60
106.9083,-6.7095,163.30
106.9250,-6.7095,186.60
106.9417,-6.7095,206.70
106.9583,-6.7095,220.10
106.9750,-6.7095,225.20
106.9917,-6.7095,221.60
107.0083,-6.7095,209.90
106.0083,-6.7261,129.80
106.0250,-6.7261,136.60
106.0417,-6.7261,143.90
106.0583,-6.7261,151.30
106.0750,-6.7261,158.80
106.0917,-6.7261,166.20
106.1083,-6.7261,173.60
106.1250,-6.7261,180.90
106.1417,-6.7261,188.40
106.1583,-6.7261,195.70
106.1750,-6.7261,202.70
106.1917,-6.7261,208.90
106.2083,-6.7261,214.10
106.2250,-6.7261,217.70
106.2417,-6.7261,219.70
106.2583,-6.7261,220.00
106.2750,-6.7261,219.10
106.2917,-6.7261,217.70
106.3083,-6.7261,216.70
106.3250,-6.7261,217.20
106.3417,-6.7261,219.70
106.3583,-6.7261,224.60
106.3750,-6.7261,231.80
106.3917,-6.7261,240.40
106.4083,-6.7261,249.40
106.4250,-6.7261,257.10
106.4417,-6.7261,262.20
106.4583,-6.7261,263.30
106.4750,-6.7261,259.70
106.4917,-6.7261,251.40
106.5083,-6.7261,238.70
106.5250,-6.7261,223.40
106.5417,-6.7261,206.80
106.5583,-6.7261,191.10
106.5750,-6.7261,178.00
106.5917,-6.7261,169.20
106.6083,-6.7261,165.20
106.6250,-6.7261,166.00
106.6417,-6.7261,170.90
106.6583,-6.7261,177.90
106.6750,-6.7261,185.30
106.6917,-6.7261,190.50
106.7083,-6.7261,191.80
106.7250,-6.7261,187.70
106.7417,-6.7261,177.90
106.7583,-6.7261,163.40
106.7750,-6.7261,145.80
106.7917,-6.7261,128.20
106.8083,-6.7261,113.30
106.8250,-6.7261,104.50
106.8417,-6.7261,103.60
106.8583,-6.7261,111.70
106.8750,-6.7261,128.30
106.8917,-6.7261,151.10
106.9083,-6.7261,177.40
106.9250,-6.7261,202.80
106.9417,-6.7261,224.20
106.9583,-6.7261,238.00
106.9750,-6.7261,242.60
106.9917,-6.7261,237.60
107.0083,-6.7261,224.10
106.0083,-6.7426,134.20
106.0250,-6.7426,141.10
106.0417,-6.7426,148.40
106.0583,-6.7426,155.90
106.0750,-6.7426,163.60
106.0917,-6.7426,171.30
106.1083,-6.7426,179.00
106.1250,-6.7426,186.70
106.1417,-6.7426,194.40
106.1583,-6.7426,201.80
106.1750,-6.7426,208.80
106.1917,-6.7426,214.80
106.2083,-6.7426,219.60
106.2250,-6.7426,222.80
106.2417,-6.7426,224.40
106.2583,-6.7426,224.40
106.2750,-6.7426,223.10
106.2917,-6.7426,221.40
106.3083,-6.7426,220.10
106.3250,-6.7426,219.90
106.3417,-6.7426,221.60
106.3583,-6.7426,225.50
106.3750,-6.7426,231.60
106.3917,-6.7426,239.10
106.4083,-6.7426,247.30
106.4250,-6.7426,254.70
106.4417,-6.7426,260.10
106.4583,-6.7426,262.10
106.4750,-6.7426,260.10
106.4917,-6.7426,253.70
106.5083,-6.7426,243.20
106.5250,-6.7426,229.80
106.5417,-6.7426,214.60
106.5583,-6.7426,199.70
106.5750,-6.7426,186.50
106.5917,-6.7426,176.80
106.6083,-6.7426,171.20
106.6250,-6.7426,170.10
106.6417,-6.7426,173.00
106.6583,-6.7426,178.10
106.6750,-6.7426,183.90
106.6917,-6.7426,187.90
106.7083,-6.7426,188.40
106.7250,-6.7426,184.10
106.7417,-6.7426,174.30
106.7583,-6.7426,160.30
106.7750,-6.7426,143.40
106.7917,-6.7426,127.00
106.8083,-6.7426,113.60
106.8250,-6.7426,106.70
106.8417,-6.7426,108.00
106.8583,-6.7426,118.60
106.8750,-6.7426,137.80
106.8917,-6.7426,163.10
106.9083,-6.7426,191.60
106.9250,-6.7426,218.60
106.9417,-6.7426,240.90
106.9583,-6.7426,254.70
106.9750,-6.7426,258.60
106.9917,-6.7426,252.40
107.0083,-6.7426,237.10
106.0083,-6.7592,138.30
106.0250,-6.7592,145.00
106.0417,-6.7592,152.20
106.0583,-6.7592,159.70
106.0750,-6.7592,167.50
106.0917,-6.7592,175.40
106.1083,-6.7592,183.30
106.1250,-6.7592,191.20
106.1417,-6.7592,199.00
106.1583,-6.7592,206.20
106.1750,-6.7592,212.80
106.1917,-6.7592,218.30
106.2083,-6.7592,222.60
106.2250,-6.7592,225.30
106.2417,-6.7592,226.50
106.2583,-6.7592,226.20
106.2750,-6.7592,224.90
106.2917,-6.7592,223.00
106.3083,-6.7592,221.40
106.3250,-6.7592,220.60
106.3417,-6.7592,221.40
106.3583,-6.7592,224.00
106.3750,-6.7592,228.50
106.3917,-6.7592,234.40
106.4083,-6.7592,241.20
106.4250,-6.7592,247.70
106.4417,-6.7592,253.00
106.4583,-6.7592,255.80
106.4750,-6.7592,255.30
106.4917,-6.7592,251.20
106.5083,-6.7592,243.30
106.5250,-6.7592,232.30
106.5417,-6.7592,219.10
106.5583,-6.7592,205.40
106.5750,-6.7592,192.30
106.5917,-6.7592,181.70
106.6083,-6.7592,174.40
106.6250,-6.7592,171.00
106.6417,-6.7592,171.10
106.6583,-6.7592,173.80
106.6750,-6.7592,177.40
106.6917,-6.7592,180.00
106.7083,-6.7592,179.90
106.7250,-6.7592,175.60
106.7417,-6.7592,166.60
106.7583,-6.7592,153.90
106.7750,-6.7592,138.80
106.7917,-6.7592,124.50
106.8083,-6.7592,113.40
106.8250,-6.7592,108.90
106.8417,-6.7592,112.70
106.8583,-6.7592,125.50
106.8750,-6.7592,146.90
106.8917,-6.7592,174.00
106.9083,-6.7592,203.90
106.9250,-6.7592,231.70
106.9417,-6.7592,254.20
106.9583,-6.7592,267.80
106.9750,-6.7592,270.90
106.9917,-6.7592,263.50
107.0083,-6.7592,246.80
106.0083,-6.7757,141.50
106.0250,-6.7757,147.90
106.0417,-6.7757,155.00
106.0583,-6.7757,162.60
106.0750,-6.7757,170.50
106.0917,-6.7757,178.50
106.1083,-6.7757,186.50
106.1250,-6.7757,194.40
106.1417,-6.7757,201.90
106.1583,-6.7757,208.70
106.1750,-6.7757,214.70
106.1917,-6.7757,219.50
106.2083,-6.7757,223.00
106.2250,-6.7757,225.20
106.2417,-6.7757,226.00
106.2583,-6.7757,225.60
106.2750,-6.7757,224.40
106.2917,-6.7757,222.60
106.3083,-6.7757,220.90
106.3250,-6.7757,219.70
106.3417,-6.7757,219.50
106.3583,-6.7757,220.70
106.3750,-6.7757,223.30
106.3917,-6.7757,227.20
106.4083,-6.7757,232.20
106.4250,-6.7757,237.40
106.4417,-6.7757,242.10
106.4583,-6.7757,245.40
106.4750,-6.7757,246.60
106.4917,-6.7757,244.80
106.5083,-6.7757,239.70
106.5250,-6.7757,231.60
106.5417,-6.7757,220.80
106.5583,-6.7757,208.50
106.5750,-6.7757,195.90
106.5917,-6.7757,184.50
106.6083,-6.7757,175.40
106.6250,-6.7757,169.40
106.6417,-6.7757,166.60
106.6583,-6.7757,166.40
106.6750,-6.7757,167.70
106.6917,-6.7757,168.80
106.7083,-6.7757,168.00
106.7250,-6.7757,164.10
106.7417,-6.7757,156.40
106.7583,-6.7757,145.70
106.7750,-6.7757,133.20
106.7917,-6.7757,121.60
106.8083,-6.7757,113.30
106.8250,-6.7757,111.40
106.8417,-6.7757,117.50
106.8583,-6.7757,132.20
106.8750,-6.7757,154.90
106.8917,-6.7757,182.80
106.9083,-6.7757,212.90
106.9250,-6.7757,240.60
106.9417,-6.7757,262.60
106.9583,-6.7757,275.40
106.9750,-6.7757,277.60
106.9917,-6.7757,269.30
107.0083,-6.7757,251.90
106.0083,-6.7923,142.00
106.0250,-6.7923,148.00
106.0417,-6.7923,155.30
106.0583,-6.7923,163.50
106.0750,-6.7923,172.20
106.0917,-6.7923,180.60
106.1083,-6.7923,188.60
106.1250,-6.7923,196.10
106.1417,-6.7923,203.10
106.1583,-6.7923,209.30
106.1750,-6.7923,214.40
106.1917,-6.7923,218.30
106.2083,-6.7923,221.00
106.2250,-6.7923,222.50
106.2417,-6.7923,223.00
106.2583,-6.7923,222.70
106.2750,-6.7923,221.70
106.2917,-6.7923,220.40
106.3083,-6.7923,218.90
106.3250,-6.7923,217.50
106.3417,-6.7923,216.60
106.3583,-6.7923,216.50
106.3750,-6.7923,217.20
106.3917,-6.7923,219.10
106.4083,-6.7923,221.90
106.4250,-6.7923,225.50
106.4417,-6.7923,229.50
106.4583,-6.7923,233.00
106.4750,-6.7923,235.50
106.4917,-6.7923,235.90
106.5083,-6.7923,233.60
106.5250,-6.7923,228.40
106.5417,-6.7923,220.30
106.5583,-6.7923,209.90
106.5750,-6.7923,198.00
106.5917,-6.7923,186.10
106.6083,-6.7923,175.30
106.6250,-6.7923,166.90
106.6417,-6.7923,161.30
106.6583,-6.7923,158.30
106.6750,-6.7923,157.30
106.6917,-6.7923,156.90
106.7083,-6.7923,155.70
106.7250,-6.7923,152.50
106.7417,-6.7923,146.50
106.7583,-6.7923,138.10
106.7750,-6.7923,128.40
106.7917,-6.7923,119.70
106.8083,-6.7923,114.20
106.8250,-6.7923,114.50
106.8417,-6.7923,122.10
106.8583,-6.7923,137.70
106.8750,-6.7923,160.50
106.8917,-6.7923,187.80
106.9083,-6.7923,217.00
106.9250,-6.7923,243.40
106.9417,-6.7923,264.10
106.9583,-6.7923,275.70
106.9750,-6.7923,277.10
106.9917,-6.7923,268.30
107.0083,-6.7923,250.80
106.0083,-6.8088,138.50
106.0250,-6.8088,143.80
106.0417,-6.8088,151.50
106.0583,-6.8088,161.30
106.0750,-6.8088,171.80
106.0917,-6.8088,181.10
106.1083,-6.8088,189.10
106.1250,-6.8088,196.30
106.1417,-6.8088,202.70
106.1583,-6.8088,208.00
106.1750,-6.8088,212.10
106.1917,-6.8088,215.00
106.2083,-6.8088,216.70
106.2250,-6.8088,217.60
106.2417,-6.8088,217.80
106.2583,-6.8088,217.60
106.2750,-6.8088,217.20
106.2917,-6.8088,216.50
106.3083,-6.8088,215.60
106.3250,-6.8088,214.40
106.3417,-6.8088,213.10
106.3583,-6.8088,211.90
106.3750,-6.8088,211.00
106.3917,-6.8088,210.80
106.4083,-6.8088,211.60
106.4250,-6.8088,213.40
106.4417,-6.8088,216.30
106.4583,-6.8088,219.80
106.4750,-6.8088,223.20
106.4917,-6.8088,225.50
106.5083,-6.8088,226.00
106.5250,-6.8088,223.70
106.5417,-6.8088,218.20
106.5583,-6.8088,209.80
106.5750,-6.8088,199.00
106.5917,-6.8088,187.00
106.6083,-6.8088,175.10
106.6250,-6.8088,164.70
106.6417,-6.8088,156.50
106.6583,-6.8088,151.10
106.6750,-6.8088,148.00
106.6917,-6.8088,146.40
106.7083,-6.8088,145.00
106.7250,-6.8088,142.50
106.7417,-6.8088,138.30
106.7583,-6.8088,132.40
106.7750,-6.8088,125.50
106.7917,-6.8088,119.50
106.8083,-6.8088,116.30
106.8250,-6.8088,118.10
106.8417,-6.8088,126.40
106.8583,-6.8088,141.60
106.8750,-6.8088,163.20
106.8917,-6.8088,188.70
106.9083,-6.8088,215.50
106.9250,-6.8088,239.60
106.9417,-6.8088,258.10
106.9583,-6.8088,268.20
106.9750,-6.8088,268.80
106.9917,-6.8088,260.00
107.0083,-6.8088,243.20
106.0083,-6.8254,132.00
106.0250,-6.8254,136.00
106.0417,-6.8254,143.50
106.0583,-6.8254,155.00
106.0750,-6.8254,167.90
106.0917,-6.8254,179.00
106.1083,-6.8254,187.90
106.1250,-6.8254,195.00
106.1417,-6.8254,200.70
106.1583,-6.8254,205.00
106.1750,-6.8254,208.00
106.1917,-6.8254,209.70
106.2083,-6.8254,210.50
106.2250,-6.8254,210.70
106.2417,-6.8254,210.80
106.2583,-6.8254,210.90
106.2750,-6.8254,211.10
106.2917,-6.8254,211.30
106.3083,-6.8254,211.30
106.3250,-6.8254,210.70
106.3417,-6.8254,209.50
106.3583,-6.8254,207.60
106.3750,-6.8254,205.40
106.3917,-6.8254,203.50
106.4083,-6.8254,202.30
106.4250,-6.8254,202.40
106.4417,-6.8254,204.10
106.4583,-6.8254,207.20
106.4750,-6.8254,211.10
106.4917,-6.8254,215.00
106.5083,-6.8254,217.70
106.5250,-6.8254,218.00
106.5417,-6.8254,215.10
106.5583,-6.8254,208.80
106.5750,-6.8254,199.30
106.5917,-6.8254,187.80
106.6083,-6.8254,175.20
106.6250,-6.8254,163.50
106.6417,-6.8254,153.50
106.6583,-6.8254,146.20
106.6750,-6.8254,141.60
106.6917,-6.8254,139.10
106.7083,-6.8254,137.60
106.7250,-6.8254,136.00
106.7417,-6.8254,133.50
106.7583,-6.8254,129.80
106.7750,-6.8254,125.30
106.7917,-6.8254,121.40
106.8083,-6.8254,119.80
106.8250,-6.8254,122.20
106.8417,-6.8254,130.10
106.8583,-6.8254,143.80
106.8750,-6.8254,162.80
106.8917,-6.8254,185.10
106.9083,-6.8254,208.50
106.9250,-6.8254,229.30
106.9417,-6.8254,245.20
106.9583,-6.8254,253.50
106.9750,-6.8254,253.50
106.9917,-6.8254,245.20
107.0083,-6.8254,229.80
106.0083,-6.8419,125.80
106.0250,-6.8419,128.00
106.0417,-6.8419,134.30
106.0583,-6.8419,145.90
106.0750,-6.8419,160.40
106.0917,-6.8419,173.80
106.1083,-6.8419,184.50
106.1250,-6.8419,192.00
106.1417,-6.8419,197.10
106.1583,-6.8419,200.40
106.1750,-6.8419,202.30
106.1917,-6.8419,203.00
106.2083,-6.8419,202.80
106.2250,-6.8419,202.40
106.2417,-6.8419,202.30
106.2583,-6.8419,202.80
106.2750,-6.8419,203.80
106.2917,-6.8419,205.00
106.3083,-6.8419,206.10
106.3250,-6.8419,206.40
106.3417,-6.8419,205.60
106.3583,-6.8419,203.60
106.3750,-6.8419,200.60
106.3917,-6.8419,197.40
106.4083,-6.8419,194.50
106.4250,-6.8419,193.00
106.4417,-6.8419,193.30
106.4583,-6.8419,195.70
106.4750,-6.8419,199.80
106.4917,-6.8419,204.70
106.5083,-6.8419,209.00
106.5250,-6.8419,211.50
106.5417,-6.8419,210.90
106.5583,-6.8419,206.70
106.5750,-6.8419,198.80
106.5917,-6.8419,188.20
106.6083,-6.8419,175.80
106.6250,-6.8419,163.50
106.6417,-6.8419,152.50
106.6583,-6.8419,144.20
106.6750,-6.8419,138.50
106.6917,-6.8419,135.50
106.7083,-6.8419,134.10
106.7250,-6.8419,133.40
106.7417,-6.8419,132.30
106.7583,-6.8419,130.30
106.7750,-6.8419,127.70
106.7917,-6.8419,125.30
106.8083,-6.8419,124.40
106.8250,-6.8419,126.60
106.8417,-6.8419,133.00
106.8583,-6.8419,144.10
106.8750,-6.8419,159.50
106.8917,-6.8419,177.60
106.9083,-6.8419,196.70
106.9250,-6.8419,213.60
106.9417,-6.8419,226.40
106.9583,-6.8419,233.00
106.9750,-6.8419,232.50
106.9917,-6.8419,225.20
107.0083,-6.8419,212.00
106.0083,-6.8585,123.80
106.0250,-6.8585,124.90
106.0417,-6.8585,129.40
106.0583,-6.8585,139.00
106.0750,-6.8585,152.40
106.0917,-6.8585,166.80
106.1083,-6.8585,179.30
106.1250,-6.8585,187.40
106.1417,-6.8585,191.90
106.1583,-6.8585,194.30
106.1750,-6.8585,195.30
106.1917,-6.8585,195.20
106.2083,-6.8585,194.30
106.2250,-6.8585,193.40
106.2417,-6.8585,193.20
106.2583,-6.8585,193.90
106.2750,-6.8585,195.70
106.2917,-6.8585,198.00
106.3083,-6.8585,200.20
106.3250,-6.8585,201.50
106.3417,-6.8585,201.50
106.3583,-6.8585,199.70
106.3750,-6.8585,196.50
106.3917,-6.8585,192.30
106.4083,-6.8585,188.20
106.4250,-6.8585,185.30
106.4417,-6.8585,184.40
106.4583,-6.8585,185.90
106.4750,-6.8585,189.60
106.4917,-6.8585,194.80
106.5083,-6.8585,200.20
106.5250,-6.8585,204.20
106.5417,-6.8585,205.50
106.5583,-6.8585,203.20
106.5750,-6.8585,197.10
106.5917,-6.8585,187.80
106.6083,-6.8585,176.20
106.6250,-6.8585,164.30
106.6417,-6.8585,153.20
106.6583,-6.8585,144.50
106.6750,-6.8585,138.50
106.6917,-6.8585,135.30
106.7083,-6.8585,134.20
106.7250,-6.8585,134.10
106.7417,-6.8585,134.10
106.7583,-6.8585,133.40
106.7750,-6.8585,132.00
106.7917,-6.8585,130.40
106.8083,-6.8585,129.50
106.8250,-6.8585,130.80
106.8417,-6.8585,135.10
106.8583,-6.8585,143.00
106.8750,-6.8585,154.30
106.8917,-6.8585,167.80
106.9083,-6.8585,182.10
106.9250,-6.8585,195.00
106.9417,-6.8585,204.70
106.9583,-6.8585,209.60
106.9750,-6.8585,209.00
106.9917,-6.8585,203.10
107.0083,-6.8585,192.60
106.0083,-6.8750,127.10
106.0250,-6.8750,128.90
106.0417,-6.8750,132.20
106.0583,-6.8750,137.40
106.0750,-6.8750,146.70
106.0917,-6.8750,160.20
106.1083,-6.8750,173.70
106.1250,-6.8750,182.60
106.1417,-6.8750,186.60
106.1583,-6.8750,188.10
106.1750,-6.8750,188.00
106.1917,-6.8750,186.90
106.2083,-6.8750,185.30
106.2250,-6.8750,184.00
106.2417,-6.8750,183.60
106.2583,-6.8750,184.60
106.2750,-6.8750,187.00
106.2917,-6.8750,190.10
106.3083,-6.8750,193.40
106.3250,-6.8750,195.90
106.3417,-6.8750,196.80
106.3583,-6.8750,195.60
106.3750,-6.8750,192.40
106.3917,-6.8750,187.90
106.4083,-6.8750,183.00
106.4250,-6.8750,179.00
106.4417,-6.8750,176.80
106.4583,-6.8750,177.20
106.4750,-6.8750,180.20
106.4917,-6.8750,185.10
106.5083,-6.8750,190.90
106.5250,-6.8750,195.80
106.5417,-6.8750,198.50
106.5583,-6.8750,197.90
106.5750,-6.8750,193.60
106.5917,-6.8750,186.00
106.6083,-6.8750,175.90
106.6250,-6.8750,165.00
106.6417,-6.8750,154.60
106.6583,-6.8750,146.30
106.6750,-6.8750,140.60
106.6917,-6.8750,137.60
106.7083,-6.8750,136.90
106.7250,-6.8750,137.30
106.7417,-6.8750,137.90
106.7583,-6.8750,138.00
106.7750,-6.8750,137.20
106.7917,-6.8750,135.80
106.8083,-6.8750,134.60
106.8250,-6.8750,134.50
106.8417,-6.8750,136.40
106.8583,-6.8750,140.90
106.8750,-6.8750,148.00
106.8917,-6.8750,156.90
106.9083,-6.8750,166.70
106.9250,-6.8750,175.50
106.9417,-6.8750,182.30
106.9583,-6.8750,185.80
106.9750,-6.8750,185.40
106.9917,-6.8750,181.30
107.0083,-6.8750,173.80
106.0083,-6.8916,132.20
106.0250,-6.8916,135.30
106.0417,-6.8916,137.80
106.0583,-6.8916,138.80
106.0750,-6.8916,143.60
106.0917,-6.8916,155.60
106.1083,-6.8916,170.10
106.1250,-6.8916,180.30
106.1417,-6.8916,184.30
106.1583,-6.8916,184.40
106.1750,-6.8916,182.20
106.1917,-6.8916,179.20
106.2083,-6.8916,176.50
106.2250,-6.8916,174.60
106.2417,-6.8916,173.90
106.2583,-6.8916,175.00
106.2750,-6.8916,177.70
106.2917,-6.8916,181.60
106.3083,-6.8916,185.70
106.3250,-6.8916,189.10
106.3417,-6.8916,190.90
106.3583,-6.8916,190.50
106.3750,-6.8916,187.80
106.3917,-6.8916,183.40
106.4083,-6.8916,178.10
106.4250,-6.8916,173.40
106.4417,-6.8916,170.20
106.4583,-6.8916,169.50
106.4750,-6.8916,171.40
106.4917,-6.8916,175.60
106.5083,-6.8916,181.10
106.5250,-6.8916,186.30
106.5417,-6.8916,189.90
106.5583,-6.8916,190.60
106.5750,-6.8916,188.00
106.5917,-6.8916,182.20
106.6083,-6.8916,173.90
106.6250,-6.8916,164.70
106.6417,-6.8916,155.70
106.6583,-6.8916,148.40
106.6750,-6.8916,143.40
106.6917,-6.8916,140.90
106.7083,-6.8916,140.40
106.7250,-6.8916,141.10
106.7417,-6.8916,142.20
106.7583,-6.8916,142.60
106.7750,-6.8916,142.10
106.7917,-6.8916,140.70
106.8083,-6.8916,138.80
106.8250,-6.8916,137.50
106.8417,-6.8916,137.30
106.8583,-6.8916,138.90
106.8750,-6.8916,142.30
106.8917,-6.8916,147.20
106.9083,-6.8916,153.00
106.9250,-6.8916,158.50
106.9417,-6.8916,162.90
106.9583,-6.8916,165.20
106.9750,-6.8916,165.30
106.9917,-6.8916,163.00
107.0083,-6.8916,158.70
106.0083,-6.9081,134.40
106.0250,-6.9081,138.00
106.0417,-6.9081,139.70
106.0583,-6.9081,138.80
106.0750,-6.9081,141.50
106.0917,-6.9081,152.80
106.1083,-6.9081,168.50
106.1250,-6.9081,180.60
106.1417,-6.9081,185.40
106.1583,-6.9081,183.40
106.1750,-6.9081,178.30
106.1917,-6.9081,173.30
106.2083,-6.9081,169.20
106.2250,-6.9081,166.20
106.2417,-6.9081,164.40
106.2583,-6.9081,164.80
106.2750,-6.9081,167.50
106.2917,-6.9081,171.70
106.3083,-6.9081,176.40
106.3250,-6.9081,180.60
106.3417,-6.9081,183.30
106.3583,-6.9081,183.90
106.3750,-6.9081,182.00
106.3917,-6.9081,178.20
106.4083,-6.9081,173.10
106.4250,-6.9081,168.00
106.4417,-6.9081,164.10
106.4583,-6.9081,162.40
106.4750,-6.9081,163.20
106.4917,-6.9081,166.20
106.5083,-6.9081,170.90
106.5250,-6.9081,175.80
106.5417,-6.9081,179.60
106.5583,-6.9081,181.30
106.5750,-6.9081,180.20
106.5917,-6.9081,176.30
106.6083,-6.9081,170.10
106.6250,-6.9081,162.90
106.6417,-6.9081,155.80
106.6583,-6.9081,149.90
106.6750,-6.9081,145.80
106.6917,-6.9081,143.90
106.7083,-6.9081,143.80
106.7250,-6.9081,144.70
106.7417,-6.9081,145.80
106.7583,-6.9081,146.30
106.7750,-6.9081,145.80
106.7917,-6.9081,144.30
106.8083,-6.9081,142.10
106.8250,-6.9081,139.80
106.8417,-6.9081,138.10
106.8583,-6.9081,137.40
106.8750,-6.9081,138.10
106.8917,-6.9081,140.00
106.9083,-6.9081,142.60
106.9250,-6.9081,145.50
106.9417,-6.9081,148.10
106.9583,-6.9081,149.90
106.9750,-6.9081,150.60
106.9917,-6.9081,150.20
107.0083,-6.9081,148.70
106.0083,-6.9247,131.60
106.0250,-6.9247,135.00
106.0417,-6.9247,136.10
106.0583,-6.9247,135.30
106.0750,-6.9247,138.30
106.0917,-6.9247,149.40
106.1083,-6.9247,165.20
106.1250,-6.9247,178.30
106.1417,-6.9247,183.30
106.1583,-6.9247,180.00
106.1750,-6.9247,174.30
106.1917,-6.9247,170.50
106.2083,-6.9247,166.90
106.2250,-6.9247,161.60
106.2417,-6.9247,156.10
106.2583,-6.9247,154.10
106.2750,-6.9247,156.10
106.2917,-6.9247,160.30
106.3083,-6.9247,165.30
106.3250,-6.9247,170.00
106.3417,-6.9247,173.60
106.3583,-6.9247,175.30
106.3750,-6.9247,174.70
106.3917,-6.9247,172.10
106.4083,-6.9247,167.80
106.4250,-6.9247,163.10
106.4417,-6.9247,158.90
106.4583,-6.9247,156.40
106.4750,-6.9247,156.00
106.4917,-6.9247,157.70
106.5083,-6.9247,161.20
106.5250,-6.9247,165.30
106.5417,-6.9247,168.90
106.5583,-6.9247,171.10
106.5750,-6.9247,171.10
106.5917,-6.9247,168.90
106.6083,-6.9247,164.80
106.6250,-6.9247,159.80
106.6417,-6.9247,154.50
106.6583,-6.9247,150.20
106.6750,-6.9247,147.20
106.6917,-6.9247,145.90
106.7083,-6.9247,146.00
106.7250,-6.9247,146.90
106.7417,-6.9247,147.90
106.7583,-6.9247,148.40
106.7750,-6.9247,147.90
106.7917,-6.9247,146.50
106.8083,-6.9247,144.20
106.8250,-6.9247,141.60
106.8417,-6.9247,139.20
106.8583,-6.9247,137.40
106.8750,-6.9247,136.50
106.8917,-6.9247,136.40
106.9083,-6.9247,137.20
106.9250,-6.9247,138.40
106.9417,-6.9247,139.90
106.9583,-6.9247,141.40
106.9750,-6.9247,142.90
106.9917,-6.9247,144.20
107.0083,-6.9247,145.20
106.0083,-6.9412,124.50
106.0250,-6.9412,127.30
106.0417,-6.9412,128.10
106.0583,-6.9412,128.60
106.0750,-6.9412,133.10
106.0917,-6.9412,143.70
106.1083,-6.9412,157.90
106.1250,-6.9412,169.70
106.1417,-6.9412,174.20
106.1583,-6.9412,171.40
106.1750,-6.9412,169.10
106.1917,-6.9412,171.60
106.2083,-6.9412,171.60
106.2250,-6.9412,162.50
106.2417,-6.9412,150.40
106.2583,-6.9412,144.40
106.2750,-6.9412,145.00
106.2917,-6.9412,148.60
106.3083,-6.9412,153.00
106.3250,-6.9412,157.50
106.3417,-6.9412,161.70
106.3583,-6.9412,164.50
106.3750,-6.9412,165.30
106.3917,-6.9412,164.20
106.4083,-6.9412,161.50
106.4250,-6.9412,157.90
106.4417,-6.9412,154.30
106.4583,-6.9412,151.40
106.4750,-6.9412,149.90
106.4917,-6.9412,150.20
106.5083,-6.9412,152.40
106.5250,-6.9412,155.40
106.5417,-6.9412,158.50
106.5583,-6.9412,160.80
106.5750,-6.9412,161.70
106.5917,-6.9412,161.00
106.6083,-6.9412,158.80
106.6250,-6.9412,155.70
106.6417,-6.9412,152.40
106.6583,-6.9412,149.60
106.6750,-6.9412,147.70
106.6917,-6.9412,146.90
106.7083,-6.9412,147.10
106.7250,-6.9412,147.80
106.7417,-6.9412,148.60
106.7583,-6.9412,149.00
106.7750,-6.9412,148.60
106.7917,-6.9412,147.40
106.8083,-6.9412,145.60
106.8250,-6.9412,143.40
106.8417,-6.9412,141.20
106.8583,-6.9412,139.30
106.8750,-6.9412,138.00
106.8917,-6.9412,137.20
106.9083,-6.9412,137.00
106.9250,-6.9412,137.40
106.9417,-6.9412,138.50
106.9583,-6.9412,140.20
106.9750,-6.9412,142.40
106.9917,-6.9412,145.10
107.0083,-6.9412,148.10
106.0083,-6.9577,114.70
106.0250,-6.9577,117.00
106.0417,-6.9577,117.70
106.0583,-6.9577,119.90
106.0750,-6.9577,125.80
106.0917,-6.9577,135.40
106.1083,-6.9577,147.20
106.1250,-6.9577,157.20
106.1417,-6.9577,161.80
106.1583,-6.9577,162.00
106.1750,-6.9577,165.30
106.1917,-6.9577,174.80
106.2083,-6.9577,178.60
106.2250,-6.9577,167.10
106.2417,-6.9577,150.00
106.2583,-6.9577,140.50
106.2750,-6.9577,139.10
106.2917,-6.9577,140.50
106.3083,-6.9577,142.50
106.3250,-6.9577,145.00
106.3417,-6.9577,148.40
106.3583,-6.9577,151.80
106.3750,-6.9577,153.50
106.3917,-6.9577,153.10
106.4083,-6.9577,151.70
106.4250,-6.9577,150.60
106.4417,-6.9577,149.10
106.4583,-6.9577,146.90
106.4750,-6.9577,144.40
106.4917,-6.9577,143.50
106.5083,-6.9577,144.60
106.5250,-6.9577,146.90
106.5417,-6.9577,149.70
106.5583,-6.9577,152.20
106.5750,-6.9577,153.80
106.5917,-6.9577,154.30
106.6083,-6.9577,153.70
106.6250,-6.9577,152.30
106.6417,-6.9577,150.60
106.6583,-6.9577,149.10
106.6750,-6.9577,148.00
106.6917,-6.9577,147.60
106.7083,-6.9577,147.70
106.7250,-6.9577,148.20
106.7417,-6.9577,148.60
106.7583,-6.9577,148.80
106.7750,-6.9577,148.60
106.7917,-6.9577,147.90
106.8083,-6.9577,146.80
106.8250,-6.9577,145.60
106.8417,-6.9577,144.30
106.8583,-6.9577,143.20
106.8750,-6.9577,142.30
106.8917,-6.9577,141.70
106.9083,-6.9577,141.60
106.9250,-6.9577,142.00
106.9417,-6.9577,143.10
106.9583,-6.9577,145.20
106.9750,-6.9577,148.20
106.9917,-6.9577,152.00
107.0083,-6.9577,156.30
106.0083,-6.9743,102.80
106.0250,-6.9743,105.50
106.0417,-6.9743,106.50
106.0583,-6.9743,109.50
106.0750,-6.9743,115.80
106.0917,-6.9743,124.40
106.1083,-6.9743,134.20
106.1250,-6.9743,142.80
106.1417,-6.9743,149.00
106.1583,-6.9743,154.50
106.1750,-6.9743,163.60
106.1917,-6.9743,176.00
106.2083,-6.9743,180.80
106.2250,-6.9743,170.70
106.2417,-6.9743,154.30
106.2583,-6.9743,143.90
106.2750,-6.9743,140.00
106.2917,-6.9743,138.10
106.3083,-6.9743,136.00
106.3250,-6.9743,134.70
106.3417,-6.9743,135.40
106.3583,-6.9743,138.00
106.3750,-6.9743,139.40
106.3917,-6.9743,137.90
106.4083,-6.9743,136.30
106.4250,-6.9743,138.10
106.4417,-6.9743,140.40
106.4583,-6.9743,139.50
106.4750,-6.9743,137.00
106.4917,-6.9743,136.00
106.5083,-6.9743,137.40
106.5250,-6.9743,140.10
106.5417,-6.9743,143.40
106.5583,-6.9743,146.50
106.5750,-6.9743,149.00
106.5917,-6.9743,150.40
106.6083,-6.9743,151.00
106.6250,-6.9743,151.00
106.6417,-6.9743,150.50
106.6583,-6.9743,150.00
106.6750,-6.9743,149.50
106.6917,-6.9743,149.10
106.7083,-6.9743,149.00
106.7250,-6.9743,148.90
106.7417,-6.9743,148.90
106.7583,-6.9743,148.90
106.7750,-6.9743,148.80
106.7917,-6.9743,148.60
106.8083,-6.9743,148.50
106.8250,-6.9743,148.50
106.8417,-6.9743,148.70
106.8583,-6.9743,148.90
106.8750,-6.9743,149.10
106.8917,-6.9743,149.50
106.9083,-6.9743,150.00
106.9250,-6.9743,150.90
106.9417,-6.9743,152.50
106.9583,-6.9743,155.10
106.9750,-6.9743,158.70
106.9917,-6.9743,163.30
107.0083,-6.9743,168.50
106.0083,-6.9908,89.00
106.0250,-6.9908,92.70
106.0417,-6.9908,94.50
106.0583,-6.9908,97.60
106.0750,-6.9908,103.50
106.0917,-6.9908,111.60
106.1083,-6.9908,120.70
106.1250,-6.9908,129.20
106.1417,-6.9908,137.10
106.1583,-6.9908,146.70
106.1750,-6.9908,159.10
106.1917,-6.9908,171.10
106.2083,-6.9908,175.70
106.2250,-6.9908,169.00
106.2417,-6.9908,156.60
106.2583,-6.9908,147.20
106.2750,-6.9908,141.90
106.2917,-6.9908,137.90
106.3083,-6.9908,133.40
106.3250,-6.9908,129.10
106.3417,-6.9908,126.20
106.3583,-6.9908,125.60
106.3750,-6.9908,124.50
106.3917,-6.9908,120.60
106.4083,-6.9908,117.60
106.4250,-6.9908,119.50
106.4417,-6.9908,123.40
106.4583,-6.9908,124.70
106.4750,-6.9908,125.20
106.4917,-6.9908,127.60
106.5083,-6.9908,131.70
106.5250,-6.9908,136.40
106.5417,-6.9908,141.20
106.5583,-6.9908,145.40
106.5750,-6.9908,148.80
106.5917,-6.9908,151.10
106.6083,-6.9908,152.50
106.6250,-6.9908,153.30
106.6417,-6.9908,153.70
106.6583,-6.9908,153.70
106.6750,-6.9908,153.40
106.6917,-6.9908,152.90
106.7083,-6.9908,152.20
106.7250,-6.9908,151.50
106.7417,-6.9908,150.80
106.7583,-6.9908,150.40
106.7750,-6.9908,150.30
106.7917,-6.9908,150.60
106.8083,-6.9908,151.30
106.8250,-6.9908,152.50
106.8417,-6.9908,154.00
106.8583,-6.9908,155.70
106.8750,-6.9908,157.30
106.8917,-6.9908,158.80
106.9083,-6.9908,160.30
106.9250,-6.9908,161.90
106.9417,-6.9908,164.20
106.9583,-6.9908,167.30
106.9750,-6.9908,171.50
106.9917,-6.9908,176.60
107.0083,-6.9908,182.30
106.0083,-7.0074,73.20
106.0250,-7.0074,78.20
106.0417,-7.0074,81.60
106.0583,-7.0074,84.40
106.0750,-7.0074,89.30
106.0917,-7.0074,97.80
106.1083,-7.0074,107.90
106.1250,-7.0074,116.90
106.1417,-7.0074,125.30
106.1583,-7.0074,135.20
106.1750,-7.0074,147.30
106.1917,-7.0074,158.50
106.2083,-7.0074,163.60
106.2250,-7.0074,160.20
106.2417,-7.0074,151.60
106.2583,-7.0074,143.60
106.2750,-7.0074,138.20
106.2917,-7.0074,134.90
106.3083,-7.0074,131.70
106.3250,-7.0074,127.30
106.3417,-7.0074,121.60
106.3583,-7.0074,115.20
106.3750,-7.0074,109.40
106.3917,-7.0074,104.50
106.4083,-7.0074,100.40
106.4250,-7.0074,97.70
106.4417,-7.0074,98.00
106.4583,-7.0074,102.50
106.4750,-7.0074,110.60
106.4917,-7.0074,120.10
106.5083,-7.0074,129.30
106.5250,-7.0074,137.40
106.5417,-7.0074,144.20
106.5583,-7.0074,149.80
106.5750,-7.0074,154.10
106.5917,-7.0074,157.00
106.6083,-7.0074,159.00
106.6250,-7.0074,160.30
106.6417,-7.0074,161.10
106.6583,-7.0074,161.30
106.6750,-7.0074,160.80
106.6917,-7.0074,159.80
106.7083,-7.0074,158.40
106.7250,-7.0074,156.80
106.7417,-7.0074,155.40
106.7583,-7.0074,154.30
106.7750,-7.0074,153.90
106.7917,-7.0074,154.30
106.8083,-7.0074,155.50
106.8250,-7.0074,157.60
106.8417,-7.0074,160.20
106.8583,-7.0074,163.00
106.8750,-7.0074,165.80
106.8917,-7.0074,168.40
106.9083,-7.0074,170.80
106.9250,-7.0074,173.30
106.9417,-7.0074,176.20
106.9583,-7.0074,179.90
106.9750,-7.0074,184.60
106.9917,-7.0074,190.00
107.0083,-7.0074,196.00